0,0,0,0,0,0,0,0,0,0,0,0,0,0,0,0,0,0,0,0,0,0,0,0,0,0,0,0,0,0,0,0,0,0,0,0,0,0,0,0,0,0,0,0,0,0,0,0,0,0,0,0,1,1,1,1,1,1,1,1,2,2,2,2,2,2,2,2,2,2,2,2,1,1,1,1,1,1,1,1,1,1,1,1,1,2,2,2,2,2,2,2,2,2,2,2,1,0,0,-1,-3,-4,-5,-7,-8,-10,-11,-13,-14,-16,-17,-19,-20,-20,-21,-21,-22,-22,-21,-21,-20,-19,-19,-18,-17,-16,-15,-14,-14,-14,-14,-14,-14,-15,-16,-17,-18,-19,-21,-22,-23,-23,-24,-23,-23,-21,-19,-16,-12,-7,-1,5,12,20,28,37,46,55,64,73,81,89,96,102,106,110,112,114,114,112,110,107,103,99,94,90,85,81,77,74,73,72,73,75,78,82,87,92,99,105,110,115,119,120,120,116,110,99,85,66,43,16,-16,-51,-91,-134,-180,-229,-278,-328,-378,-426,-472,-514,-552,-584,-610,-628,-638,-640,-633,-616,-591,-556,-512,-459,-399,-332,-259,-181,-100,-16,68,152,234,313,387,455,517,570,615,650,676,692,698,694,681,659,628,591,546,496,442,385,325,265,205,146,89,36,-14,-59,-99,-134,-163,-186,-204,-216,-224,-226,-224,-219,-210,-199,-186,-171,-156,-140,-125,-110,-97,-84,-74,-65,-57,-52,-48,-46,-45,-46,-47,-49,-52,-55,-58,-61,-63,-65,-66,-66,-65,-63,-61,-57,-53,-48,-42,-37,-30,-24,-17,-11,-5,0,6,10,14,17,20,22,23,24,25,24,24,23,22,21,20,18,17,16,16,15,15,14,14,15,15,16,16,17,17,18,19,19,19,19,19,19,18,18,17,15,14,12,11,9,7,5,3,1,-1,-2,-4,-5,-6,-8,-8,-9,-10,-10,-10,-10,-10,-10,-9,-9,-8,-8,-7,-6,-5,-5,-4,-3,-2,-2,-1,-1,0,1,1,2,2,3,3,3,4,4,4,5,5,5,5,5,6,6,6,6,5,5,5,5,4,4,4,3,3,2,2,1,1,0,0,-1,-1,-2,-2,-2,-3,-3,-3,-3,-3,-3,-3,-3,-3,-3,-2,-2,-2,-2,-2,-2,-2,-2,-2,-2,-2,-2,-2,-2,-2,-3,-3,-3,-4,-4,-4,-5,-5,-6,-6,-6,-7,-7,-7,-7,-7,-7,-7,-7,-6,-6,-5,-5,-4,-3,-2,-1,0,1,2,3,4,5,7,8,9,10,11,12,13,14,15,16,16,16,17,17,17,16,16,15,15,14,12,11,10,8,7,5,3,1,-1,-2,-4,-6,-8,-9,-11,-12,-13,-14,-15,-16,-16,-16,-16,-16,-16,-16,-15,-14,-13,-12,-11,-10,-9,-8,-6,-5,-4,-3,-2,-1,-1,0,1,1,1,2,2,2,2,2,2,2,2,2,2,2,2,2,2,3,3,4,4,5,5,6,7,8,8,9,10,10,11,11,11,11,11,11,11,10,10,9,8,7,6,5,3,2,1,-1,-2,-3,-5,-6,-7,-8,-8,-9,-9,-10,-10,-10,-9,-9,-8,-8,-7,-6,-5,-4,-3,-2,-2,-1,0,1,1,2,2,2,2,2,1,1,0,-1,-1,-2,-3,-4,-5,-6,-7,-7,-8,-8,-9,-9,-9,-9,-9,-8,-8,-7,-7,-6,-5,-5,-4,-3,-3,-2,-2,-2,-2,-2,-2,-3,-3,-4,-5,-5,-6,-6,-6,-6,-6,-6,-5,-3,-2,1,3,6,10,14,18,23,28,33,38,43,48,53,57,61,64,67,68,69,68,67,64,60,55,49,42,34,25,16,5,-5,-16,-27,-38,-49,-59,-69,-77,-85,-92,-97,-101,-104,-105,-105,-103,-100,-95,-89,-82,-74,-66,-56,-46,-36,-25,-15,-5,5,14,23,31,37,43,48,52,55,57,57,57,56,54,52,49,45,41,37,33,29,25,21,18,15,12,10,8,6,5,4,4,4,4,4,5,6,6,7,7,8,8,8,8,7,7,6,4,3,1,-1,-3,-5,-7,-9,-11,-13,-15,-17,-18,-20,-21,-21,-22,-22,-22,-22,-21,-20,-19,-18,-16,-14,-12,-10,-8,-6,-4,-2,1,3,5,7,9,10,12,13,14,15,16,16,16,16,16,16,15,15,14,13,11,10,9,7,6,4,3,1,0,-2,-3,-5,-6,-7,-8,-9,-9,-10,-10,-10,-10,-10,-10,-10,-10,-9,-9,-8,-7,-7,-6,-5,-5,-4,-4,-3,-2,-2,-2,-1,-1,-1,0,0,0,0,0,1,1,1,1,1,2,2,2,3,3,3,4,4,5,5,6,6,7,7,8,8,8,8,9,9,9,9,8,8,8,7,6,5,5,4,2,1,0,-1,-2,-4,-5,-6,-8,-9,-10,-11,-12,-12,-13,-13,-13,-13,-13,-13,-12,-11,-11,-9,-8,-7,-5,-4,-2,0,1,3,5,6,8,9,10,11,12,13,13,14,14,13,13,13,12,11,10,9,8,7,6,4,3,2,1,0,-1,-1,-2,-3,-3,-3,-4,-4,-4,-4,-4,-5,-5,-5,-5,-5,-6,-6,-7,-7,-8,-8,-9,-9,-10,-11,-11,-11,-12,-12,-12,-12,-11,-11,-10,-10,-9,-8,-7,-5,-4,-3,-2,-1,0,1,1,2,2,2,2,2,1,0,0,-1,-2,-3,-3,-4,-4,-4,-3,-3,-1,0,3,6,9,12,17,21,26,31,36,40,45,50,54,57,60,62,63,63,62,60,57,52,47,40,33,25,15,6,-5,-15,-26,-37,-47,-57,-66,-75,-82,-89,-94,-98,-100,-101,-100,-98,-95,-90,-83,-76,-68,-59,-49,-38,-28,-17,-6,4,14,24,32,40,47,53,57,61,63,65,65,64,62,60,56,52,48,43,38,32,27,22,16,11,7,3,-1,-4,-7,-9,-11,-12,-13,-14,-14,-13,-13,-12,-11,-10,-8,-7,-6,-4,-3,-2,-1,0,1,1,2,2,2,2,2,2,2,1,1,0,0,-1,-2,-2,-3,-4,-4,-5,-6,-6,-7,-7,-7,-8,-8,-8,-8,-8,-7,-7,-7,-6,-6,-5,-4,-3,-2,-1,0,1,2,3,4,4,5,6,7,7,8,8,8,8,8,8,8,8,7,6,6,5,4,3,3,2,1,0,-1,-1,-2,-3,-3,-3,-4,-4,-4,-4,-4,-4,-4,-4,-4,-3,-3,-3,-2,-2,-2,-1,-1,-1,0,0,0,0,0,1,1,1,1,1,1,1,1,1,1,1,1,1,1,1,1,1,0,0,0,0,-1,-1,-2,-2,-3,-3,-4,-4,-5,-5,-6,-6,-7,-7,-7,-7,-7,-7,-7,-7,-7,-6,-5,-4,-4,-3,-1,0,1,2,4,5,6,7,9,10,10,11,12,12,13,13,13,12,12,11,10,9,8,7,5,4,3,1,0,-1,-3,-4,-5,-6,-6,-7,-7,-7,-7,-7,-7,-6,-5,-4,-4,-3,-2,-1,0,1,2,3,4,4,5,5,5,5,4,4,3,3,2,1,1,0,-1,-2,-2,-3,-3,-4,-4,-4,-4,-4,-4,-4,-3,-3,-2,-2,-2,-1,-1,0,0,0,0,0,-1,-1,-2,-2,-3,-4,-5,-6,-6,-7,-8,-9,-10,-10,-11,-11,-12,-12,-12,-12,-12,-11,-11,-11,-10,-10,-9,-9,-8,-8,-7,-7,-6,-6,-5,-4,-3,-2,-1,1,3,5,7,10,12,16,19,23,27,31,35,39,43,47,51,54,57,60,61,62,63,62,60,58,54,50,44,38,30,22,14,4,-5,-15,-25,-35,-45,-54,-62,-70,-77,-83,-87,-91,-93,-94,-93,-92,-88,-84,-78,-72,-64,-56,-47,-38,-29,-19,-10,-1,8,16,24,31,36,41,45,48,50,51,51,50,48,45,42,39,35,31,27,23,19,15,11,8,5,2,0,-2,-3,-4,-4,-4,-3,-3,-2,-1,0,1,3,4,4,5,6,6,6,6,6,5,5,4,3,1,0,-1,-2,-4,-5,-6,-7,-8,-8,-9,-9,-9,-9,-9,-9,-9,-8,-8,-7,-7,-6,-5,-5,-4,-3,-3,-2,-1,-1,0,0,0,1,1,2,2,2,3,3,4,4,4,5,5,6,6,6,7,7,7,8,8,8,8,8,7,7,7,6,6,5,5,4,3,2,1,1,0,-1,-2,-3,-3,-4,-5,-6,-6,-7,-7,-8,-8,-9,-9,-9,-9,-10,-10,-10,-10,-10,-9,-9,-9,-9,-8,-8,-7,-7,-6,-5,-5,-4,-3,-2,-1,0,1,2,3,4,5,6,7,8,9,9,10,10,11,11,11,11,10,10,10,9,8,8,7,6,5,4,3,2,1,0,0,-1,-2,-2,-3,-3,-3,-3,-4,-4,-4,-3,-3,-3,-3,-2,-2,-2,-2,-2,-1,-1,-1,-1,-1,-2,-2,-2,-3,-3,-4,-4,-5,-5,-5,-6,-6,-7,-7,-7,-7,-7,-7,-6,-6,-5,-5,-4,-3,-2,-1,1,2,3,5,6,7,8,9,11,12,12,13,14,14,14,15,15,14,14,13,13,12,11,10,9,8,6,5,4,2,1,-1,-2,-3,-5,-6,-8,-9,-10,-11,-12,-14,-15,-15,-16,-17,-18,-18,-19,-19,-19,-19,-19,-19,-18,-18,-17,-16,-15,-14,-12,-11,-9,-8,-6,-4,-2,0,2,3,5,6,8,9,9,10,10,10,10,10,9,8,7,6,5,3,2,1,0,0,-1,-1,-1,0,1,3,5,8,11,14,18,22,26,30,34,39,43,47,50,53,55,56,57,57,56,53,50,46,41,35,28,21,12,3,-6,-15,-25,-34,-44,-52,-61,-68,-75,-81,-86,-89,-92,-93,-93,-92,-89,-85,-80,-74,-68,-60,-52,-44,-35,-26,-17,-8,1,9,17,24,31,37,42,46,49,51,53,54,54,53,52,50,48,45,42,39,36,33,30,26,23,20,18,15,12,10,8,6,5,3,2,1,0,-1,-2,-3,-4,-5,-6,-7,-7,-8,-9,-9,-10,-11,-11,-11,-12,-12,-12,-12,-12,-12,-12,-11,-11,-11,-10,-10,-10,-9,-9,-9,-8,-8,-8,-8,-8,-8,-8,-8,-8,-8,-7,-7,-7,-7,-6,-5,-5,-4,-3,-2,0,1,3,5,6,8,10,12,13,15,16,18,19,19,20,20,20,20,20,19,18,16,15,13,11,9,7,5,2,0,-2,-4,-6,-8,-9,-11,-12,-13,-13,-14,-14,-14,-14,-13,-13,-12,-11,-10,-9,-8,-6,-5,-4,-3,-2,-1,0,1,2,2,3,3,3,3,3,3,3,2,2,1,1,0,-1,-2,-2,-3,-4,-5,-5,-6,-7,-7,-8,-8,-8,-8,-8,-8,-7,-6,-6,-5,-4,-2,-1,1,2,4,6,8,10,11,13,15,16,17,18,19,19,19,19,19,18,16,15,13,11,8,6,3,0,-3,-6,-9,-12,-14,-17,-19,-21,-23,-24,-25,-26,-26,-26,-26,-25,-24,-23,-22,-20,-18,-16,-14,-12,-11,-9,-7,-5,-4,-2,-1,1,2,3,5,6,8,9,11,13,15,17,20,23,26,29,33,36,40,43,46,49,52,55,57,58,59,59,58,56,53,50,45,39,33,26,18,10,1,-9,-18,-28,-38,-47,-56,-64,-72,-78,-84,-88,-91,-93,-94,-93,-91,-88,-83,-78,-71,-64,-55,-47,-38,-28,-19,-9,0,8,17,24,31,36,41,45,48,49,50,50,49,48,45,43,39,36,32,28,24,20,17,13,10,8,6,4,3,2,2,2,2,3,4,5,6,7,8,9,10,11,12,12,12,11,11,10,9,8,6,4,3,1,-1,-3,-5,-7,-9,-10,-11,-13,-14,-14,-15,-15,-15,-15,-15,-14,-14,-13,-12,-11,-11,-10,-9,-8,-7,-7,-6,-5,-5,-4,-4,-3,-3,-3,-2,-2,-2,-1,-1,-1,0,0,1,1,1,2,2,3,3,4,4,4,5,5,5,6,6,6,6,6,6,6,6,6,6,6,6,6,6,5,5,5,5,5,5,5,5,5,5,5,4,4,4,4,3,3,2,2,1,1,0,-1,-1,-2,-3,-4,-4,-5,-6,-6,-7,-7,-8,-8,-9,-9,-9,-9,-9,-9,-9,-9,-8,-8,-7,-7,-6,-6,-5,-4,-4,-3,-2,-1,0,0,1,2,3,3,4,4,5,5,5,5,5,5,4,4,3,3,2,1,0,-1,-2,-2,-3,-4,-5,-5,-6,-6,-7,-7,-7,-7,-7,-6,-6,-5,-4,-3,-3,-2,-1,0,0,1,2,2,3,3,3,3,3,3,3,3,3,3,4,4,5,5,6,8,9,11,13,16,18,21,23,26,29,31,34,36,38,39,40,40,39,38,36,33,30,25,20,15,8,2,-6,-13,-21,-28,-36,-43,-50,-56,-62,-67,-71,-74,-76,-76,-76,-74,-72,-68,-63,-58,-51,-44,-37,-28,-20,-12,-3,5,13,20,27,33,38,43,46,49,50,51,51,50,48,45,42,39,35,31,26,22,18,14,10,6,3,1,-2,-4,-5,-6,-6,-6,-6,-5,-5,-4,-3,-2,-1,0,1,2,2,3,3,3,2,1,1,0,-1,-3,-4,-5,-6,-8,-9,-9,-10,-11,-11,-11,-11,-10,-10,-9,-8,-7,-5,-4,-2,-1,0,2,3,4,5,6,6,7,7,7,6,6,5,4,4,3,2,1,0,-1,-2,-3,-4,-5,-5,-5,-5,-5,-5,-5,-4,-4,-3,-2,-2,-1,0,1,2,2,3,3,4,4,4,4,4,3,3,2,2,1,1,0,-1,-1,-2,-2,-2,-3,-3,-3,-3,-2,-2,-2,-1,0,1,1,2,3,4,5,5,6,6,7,7,7,7,7,7,6,5,5,4,3,2,1,0,-1,-3,-4,-5,-5,-6,-7,-7,-8,-8,-8,-8,-8,-8,-7,-7,-7,-6,-5,-5,-4,-4,-3,-2,-2,-1,-1,-1,-1,0,0,0,0,0,0,0,-1,-1,-1,-1,-1,-1,-1,0,0,0,1,1,2,2,3,3,4,5,5,6,7,7,8,8,9,9,9,10,10,10,10,9,9,9,8,7,7,6,5,4,3,2,1,-1,-2,-3,-4,-6,-7,-8,-9,-10,-11,-12,-13,-13,-14,-14,-14,-14,-14,-14,-13,-12,-11,-10,-9,-8,-6,-5,-3,-1,0,2,3,5,6,7,9,9,10,11,11,11,11,11,10,9,8,7,6,5,4,3,1,0,-1,-2,-3,-3,-4,-4,-4,-4,-4,-3,-3,-2,-1,0,1,2,3,4,5,6,7,8,8,9,9,9,8,8,7,7,6,5,3,2,1,-1,-2,-3,-5,-6,-7,-8,-9,-10,-10,-11,-11,-11,-11,-11,-10,-10,-9,-8,-7,-6,-5,-4,-3,-2,-1,0,1,2,3,3,4,5,5,5,6,6,6,6,6,6,6,5,5,5,4,4,3,2,2,1,0,0,-1,-2,-2,-3,-4,-4,-4,-5,-5,-5,-5,-5,-5,-5,-5,-4,-4,-4,-3,-3,-3,-3,-3,-3,-3,-3,-4,-4,-5,-6,-7,-7,-8,-9,-10,-11,-12,-12,-13,-13,-12,-12,-10,-9,-7,-4,-1,2,6,11,15,20,25,30,36,41,45,50,54,57,60,62,63,63,62,60,57,53,48,41,34,26,18,9,-1,-11,-21,-31,-40,-50,-58,-66,-73,-79,-84,-88,-90,-91,-91,-89,-86,-82,-77,-71,-63,-55,-47,-37,-28,-19,-9,0,9,17,25,31,37,42,46,49,51,52,52,52,50,48,45,41,37,33,29,25,20,16,12,9,5,3,0,-2,-3,-4,-4,-4,-4,-3,-2,0,1,2,4,5,7,8,9,10,10,10,10,10,9,8,7,5,4,2,0,-2,-4,-6,-8,-9,-11,-12,-14,-15,-16,-16,-16,-17,-16,-16,-15,-15,-14,-13,-12,-10,-9,-8,-6,-5,-4,-3,-2,-1,0,1,2,2,3,3,4,4,4,4,4,3,3,3,3,3,2,2,2,2,2,2,2,2,2,2,2,3,3,3,3,4,4,4,5,5,5,6,6,6,6,6,6,6,6,5,5,5,4,4,3,3,2,2,1,0,0,-1,-2,-2,-3,-4,-4,-5,-5,-6,-7,-7,-7,-8,-8,-8,-8,-9,-9,-9,-8,-8,-8,-8,-7,-7,-7,-6,-6,-5,-4,-4,-3,-2,-1,-1,0,1,2,2,3,4,4,5,5,5,6,6,6,7,7,7,7,7,7,6,6,6,6,6,5,5,5,5,4,4,4,4,4,3,3,3,3,3,3,3,2,2,2,2,2,1,1,1,0,0,-1,-1,-1,-2,-3,-3,-4,-4,-5,-5,-6,-7,-7,-8,-8,-8,-9,-9,-9,-9,-9,-9,-9,-8,-8,-7,-7,-6,-5,-4,-4,-3,-1,0,1,2,3,4,5,6,7,8,9,10,10,11,11,11,11,11,11,10,10,9,8,7,6,5,3,2,1,-1,-2,-3,-5,-6,-7,-8,-8,-9,-9,-10,-10,-9,-9,-9,-8,-8,-7,-6,-6,-5,-4,-4,-3,-3,-3,-3,-4,-4,-5,-6,-7,-8,-9,-10,-11,-13,-14,-14,-15,-15,-15,-14,-13,-12,-9,-7,-4,0,4,9,14,19,25,30,36,41,46,51,55,59,62,64,65,65,64,62,59,55,50,44,37,29,20,11,1,-8,-18,-28,-38,-47,-55,-63,-69,-75,-79,-83,-85,-86,-85,-83,-80,-76,-71,-65,-58,-51,-43,-34,-26,-18,-9,-1,6,13,20,25,30,34,37,39,40,41,40,39,38,35,33,30,27,24,21,18,15,12,10,8,6,5,4,4,4,4,5,6,7,8,9,10,11,12,13,13,13,13,13,13,12,11,9,8,6,4,2,0,-3,-5,-7,-9,-11,-12,-14,-15,-16,-17,-17,-17,-17,-17,-16,-15,-15,-14,-12,-11,-10,-9,-7,-6,-5,-4,-2,-1,0,0,1,2,2,3,3,4,4,4,4,5,5,5,5,5,5,5,6,6,6,6,6,6,5,5,5,5,5,4,4,3,3,2,2,1,0,0,-1,-1,-2,-2,-3,-3,-3,-3,-3,-3,-3,-3,-2,-2,-1,-1,0,1,1,2,2,3,3,3,3,3,3,2,2,1,0,-1,-2,-3,-4,-6,-7,-8,-9,-11,-12,-12,-13,-13,-14,-14,-14,-13,-12,-12,-11,-9,-8,-7,-5,-4,-3,-2,-1,0,1,2,2,2,2,1,1,0,-1,-2,-3,-3,-4,-5,-5,-5,-4,-3,-2,0,3,6,10,13,18,23,28,33,38,43,48,52,56,60,62,64,65,65,64,61,58,53,47,40,32,23,14,4,-7,-18,-28,-39,-50,-59,-69,-77,-84,-90,-95,-98,-100,-101,-100,-97,-94,-88,-82,-75,-66,-57,-48,-37,-27,-17,-7,3,12,21,29,36,42,47,51,54,56,57,57,56,55,52,50,46,43,39,35,30,26,23,19,16,13,10,8,6,5,3,3,2,2,2,2,2,2,2,2,2,2,2,2,1,1,0,-1,-2,-3,-4,-6,-7,-8,-9,-10,-11,-11,-12,-12,-12,-12,-12,-12,-11,-11,-10,-9,-8,-7,-7,-6,-5,-4,-4,-3,-3,-2,-2,-2,-2,-2,-2,-2,-2,-2,-3,-3,-3,-3,-3,-3,-3,-2,-2,-2,-1,0,0,1,2,2,3,4,5,5,6,6,7,7,7,8,8,8,7,7,7,6,6,6,5,4,4,3,3,2,2,1,1,1,0,0,0,0,-1,-1,-1,-1,-1,-1,-1,-2,-2,-2,-2,-2,-3,-3,-4,-4,-4,-5,-5,-6,-6,-6,-7,-7,-7,-7,-7,-7,-7,-6,-6,-6,-5,-4,-4,-3,-2,-1,0,1,2,3,4,4,5,6,7,7,8,8,8,8,8,8,8,7,7,6,6,5,4,3,3,2,1,0,0,-1,-2,-2,-2,-3,-3,-3,-3,-3,-2,-2,-2,-1,-1,0,0,1,1,1,1,2,2,2,1,1,0,0,-1,-2,-2,-3,-4,-5,-6,-7,-8,-9,-9,-10,-10,-10,-10,-10,-9,-9,-8,-8,-7,-6,-5,-4,-3,-2,-2,-1,-1,0,0,0,-1,-1,-2,-3,-3,-4,-5,-6,-6,-7,-7,-7,-7,-6,-4,-3,-1,2,5,9,12,17,21,26,31,36,40,45,49,53,56,58,60,61,60,59,57,54,50,44,38,31,23,15,6,-4,-14,-23,-33,-42,-51,-59,-67,-73,-79,-83,-87,-89,-89,-89,-87,-84,-80,-75,-68,-61,-54,-46,-37,-28,-19,-11,-2,6,13,20,26,32,36,40,43,45,46,47,46,46,44,42,40,37,34,31,28,25,22,19,16,14,12,10,9,8,7,6,6,5,5,5,5,5,5,5,5,4,4,3,3,2,1,0,-1,-3,-4,-5,-7,-8,-9,-10,-11,-12,-13,-13,-13,-14,-14,-13,-13,-12,-12,-11,-10,-9,-8,-7,-6,-5,-4,-3,-2,-1,0,1,1,2,2,3,3,3,4,4,4,4,4,4,4,4,4,4,4,4,4,4,4,4,4,4,4,3,3,3,3,3,3,3,2,2,2,1,1,1,0,0,0,-1,-1,-2,-2,-2,-3,-3,-3,-3,-4,-4,-4,-4,-4,-4,-4,-4,-4,-3,-3,-3,-3,-2,-2,-2,-1,-1,0,0,0,0,1,1,1,1,1,1,1,1,1,1,1,1,1,0,0,0,0,-1,-1,-1,-1,-1,-1,-1,-1,-1,-1,-1,-1,-1,0,0,1,1,2,2,3,3,4,5,5,6,6,6,7,7,7,7,6,6,6,5,4,4,3,2,0,-1,-2,-3,-5,-6,-7,-9,-10,-11,-12,-13,-13,-14,-14,-14,-14,-14,-13,-12,-11,-10,-9,-8,-6,-5,-3,-2,0,1,2,3,4,5,5,5,5,5,4,4,3,2,1,-1,-2,-3,-4,-5,-5,-6,-5,-5,-4,-3,-1,1,4,7,11,15,19,23,28,32,37,41,45,48,51,53,55,55,55,54,52,49,45,40,34,28,20,12,4,-5,-15,-24,-33,-42,-51,-59,-66,-72,-78,-82,-86,-88,-88,-88,-86,-84,-80,-74,-68,-61,-54,-46,-37,-28,-19,-10,-1,7,15,22,29,35,40,44,47,50,51,52,51,50,49,46,44,40,37,33,29,25,22,18,15,12,9,7,5,3,2,1,1,1,1,1,1,2,3,3,4,5,5,5,5,5,5,5,4,3,2,1,-1,-2,-4,-5,-7,-8,-9,-11,-12,-13,-13,-14,-14,-15,-15,-15,-14,-14,-13,-12,-12,-11,-10,-9,-8,-6,-5,-5,-4,-3,-2,-1,-1,0,0,0,1,1,1,1,1,1,2,2,2,2,2,3,3,3,4,4,5,5,6,6,7,7,8,8,9,9,9,9,9,9,9,9,8,7,7,6,5,4,3,2,1,0,-2,-3,-4,-5,-6,-7,-8,-8,-9,-9,-10,-10,-10,-10,-9,-9,-8,-8,-7,-6,-5,-4,-3,-2,-2,-1,0,1,2,3,3,4,4,5,5,5,5,5,5,5,4,4,3,3,2,1,1,0,-1,-2,-3,-4,-4,-5,-6,-7,-7,-8,-8,-9,-9,-9,-9,-9,-8,-8,-7,-7,-6,-5,-4,-3,-1,0,1,2,3,4,5,6,6,7,7,7,6,6,5,5,4,3,1,0,-1,-2,-3,-4,-5,-5,-5,-5,-4,-3,-2,0,2,5,8,12,15,19,23,27,31,35,38,41,44,46,47,48,47,46,44,42,38,33,28,22,15,8,0,-9,-17,-25,-34,-42,-50,-57,-63,-69,-74,-77,-80,-81,-82,-81,-79,-76,-71,-66,-60,-53,-46,-38,-29,-21,-12,-3,5,13,21,27,34,39,44,47,50,52,53,53,52,51,49,46,43,39,35,31,27,23,19,15,11,8,5,2,0,-2,-4,-5,-6,-6,-6,-6,-6,-5,-4,-4,-3,-2,-1,0,0,1,1,1,1,1,1,0,0,-1,-2,-2,-3,-4,-5,-6,-7,-7,-8,-8,-9,-9,-9,-9,-9,-9,-9,-8,-8,-7,-7,-6,-5,-4,-4,-3,-2,-1,0,0,1,2,2,3,3,3,4,4,4,4,4,4,3,3,3,3,2,2,1,1,0,0,0,-1,-1,-1,-1,-1,-2,-2,-2,-1,-1,-1,-1,-1,0,0,0,1,1,1,1,2,2,2,2,2,2,2,2,2,2,2,2,1,1,1,1,1,0,0,0,0,0,0,0,0,0,1,1,1,1,1,2,2,2,2,2,2,2,2,1,1,1,0,0,-1,-2,-2,-3,-4,-5,-5,-6,-7,-7,-8,-8,-9,-9,-9,-9,-9,-9,-9,-9,-8,-7,-7,-6,-5,-4,-3,-2,-1,1,2,3,4,5,6,7,8,9,9,10,10,11,11,11,11,11,11,11,11,11,10,10,9,9,8,8,7,7,6,5,5,4,3,3,2,1,1,0,-1,-1,-2,-2,-3,-3,-4,-4,-5,-5,-6,-6,-6,-7,-7,-7,-7,-8,-8,-8,-8,-9,-9,-9,-9,-10,-10,-10,-10,-10,-11,-11,-11,-11,-11,-11,-11,-11,-10,-10,-9,-9,-8,-7,-6,-5,-4,-3,-1,0,1,3,4,5,6,7,8,9,9,9,9,9,9,8,7,6,5,4,3,2,0,-1,-1,-2,-2,-2,-2,-1,0,2,4,7,10,14,18,22,26,30,34,38,42,46,49,51,53,54,54,54,52,49,45,40,35,28,21,12,4,-6,-15,-25,-34,-44,-53,-61,-69,-76,-82,-87,-91,-93,-94,-94,-93,-90,-86,-80,-74,-67,-58,-50,-40,-31,-21,-11,-2,8,17,25,32,39,45,49,53,56,58,59,59,58,57,55,52,49,45,41,37,33,29,25,22,18,15,12,9,7,5,3,2,1,0,-1,-2,-2,-3,-3,-4,-4,-5,-5,-6,-7,-8,-9,-10,-11,-13,-14,-15,-16,-17,-18,-18,-19,-19,-19,-19,-18,-17,-16,-15,-14,-12,-11,-9,-7,-5,-4,-2,0,2,3,5,6,7,9,9,10,11,11,11,11,11,11,11,10,10,9,9,8,8,8,7,7,6,6,6,5,5,5,5,5,4,4,4,3,3,3,2,1,1,0,-1,-2,-3,-3,-4,-5,-6,-7,-8,-9,-10,-11,-12,-12,-13,-13,-13,-13,-13,-13,-13,-12,-11,-10,-9,-8,-7,-6,-5,-3,-2,-1,1,2,3,4,6,7,7,8,9,9,10,10,10,10,10,10,10,9,9,8,8,7,6,6,5,4,4,3,3,2,2,1,1,1,1,0,0,0,0,0,-1,-1,-1,-1,-1,-2,-2,-2,-2,-3,-3,-4,-4,-4,-5,-5,-6,-6,-6,-7,-7,-7,-7,-7,-7,-7,-7,-7,-6,-6,-6,-5,-5,-4,-3,-3,-2,-1,-1,0,1,2,2,3,4,4,5,5,6,6,6,7,7,7,7,8,8,8,8,8,7,7,7,7,7,7,6,6,6,5,5,5,5,4,4,4,4,4,3,3,3,3,2,2,2,1,1,0,0,-1,-2,-2,-3,-4,-6,-7,-8,-9,-11,-12,-14,-15,-16,-17,-19,-19,-20,-21,-21,-21,-21,-21,-20,-19,-18,-17,-15,-13,-11,-9,-7,-5,-3,-1,2,3,5,7,8,9,10,10,11,11,10,10,9,9,8,8,7,7,6,6,7,7,8,10,12,14,17,20,23,27,31,35,39,43,46,49,52,54,56,57,57,55,53,50,46,41,35,28,20,12,3,-7,-17,-27,-37,-47,-56,-65,-74,-81,-87,-93,-97,-99,-101,-101,-99,-97,-92,-87,-81,-73,-65,-56,-46,-36,-26,-16,-6,4,13,22,30,37,44,49,53,57,59,61,61,61,60,58,55,52,49,45,41,37,33,29,25,22,19,15,13,10,8,7,5,4,3,2,2,2,1,1,1,1,0,0,0,-1,-2,-2,-3,-4,-5,-6,-8,-9,-10,-11,-12,-13,-14,-15,-16,-17,-17,-18,-18,-18,-18,-18,-17,-17,-16,-15,-15,-14,-13,-12,-11,-10,-9,-7,-6,-5,-4,-2,-1,0,1,2,4,5,6,7,8,9,10,11,12,12,13,14,14,14,15,15,15,15,14,14,14,13,12,11,11,9,8,7,6,5,3,2,1,-1,-2,-3,-4,-6,-7,-8,-9,-10,-10,-11,-12,-12,-13,-13,-13,-13,-13,-13,-13,-12,-12,-11,-11,-10,-9,-8,-7,-6,-5,-4,-3,-2,-1,0,1,2,3,4,5,6,7,7,8,8,9,9,9,9,9,9,9,9,9,8,8,7,7,6,6,5,5,4,4,3,3,2,2,2,1,1,1,0,0,0,0,-1,-1,-1,-1,-2,-2,-2,-3,-3,-3,-4,-4,-5,-5,-6,-7,-7,-8,-8,-9,-9,-9,-10,-10,-10,-10,-10,-9,-9,-8,-8,-7,-6,-5,-4,-3,-2,0,1,2,3,5,6,7,8,9,10,10,11,11,12,12,12,11,11,11,10,10,9,8,8,7,6,5,4,4,3,2,2,1,1,1,0,0,0,0,0,0,0,0,0,-1,-1,-1,-1,-2,-2,-3,-3,-4,-5,-5,-6,-7,-8,-9,-9,-10,-11,-11,-12,-12,-13,-13,-13,-13,-13,-12,-12,-11,-10,-9,-8,-7,-6,-4,-3,-1,0,2,3,5,6,7,9,10,11,11,12,13,13,13,13,13,13,13,12,12,11,10,10,9,8,7,6,5,5,4,3,2,2,1,1,0,0,0,0,-1,-1,-1,-1,-1,-1,-1,-1,-2,-2,-2,-2,-3,-3,-3,-4,-4,-5,-5,-6,-6,-7,-7,-8,-8,-8,-9,-9,-9,-9,-9,-9,-9,-8,-8,-7,-7,-6,-5,-4,-3,-2,-1,0,1,2,3,5,6,7,8,8,9,10,10,11,11,11,11,11,10,10,9,8,7,6,5,4,3,1,0,-1,-3,-4,-5,-6,-7,-8,-9,-10,-10,-10,-11,-11,-10,-10,-10,-9,-9,-8,-7,-7,-6,-6,-5,-5,-4,-4,-4,-4,-5,-5,-6,-6,-7,-8,-9,-10,-10,-11,-11,-11,-11,-10,-9,-7,-5,-3,0,3,7,12,16,21,27,32,37,42,47,52,56,60,63,66,67,67,67,65,63,59,54,48,41,34,25,16,6,-4,-14,-25,-35,-45,-54,-63,-71,-78,-84,-89,-93,-95,-96,-96,-94,-91,-87,-82,-76,-69,-62,-53,-45,-36,-27,-18,-9,0,8,15,22,29,34,39,42,45,47,49,49,49,48,47,45,43,41,38,35,32,29,27,24,22,19,17,15,14,12,11,10,10,9,8,8,7,7,7,6,6,5,5,4,3,2,1,0,-1,-2,-3,-5,-6,-7,-8,-9,-10,-11,-12,-12,-13,-13,-14,-14,-14,-14,-14,-14,-13,-13,-13,-12,-12,-11,-11,-10,-10,-9,-8,-8,-7,-6,-6,-5,-4,-3,-3,-2,-1,-1,0,1,2,2,3,4,4,5,5,6,6,7,7,7,7,7,8,8,7,7,7,7,7,6,6,6,5,5,5,4,4,3,3,3,2,2,2,1,1,0,0,0,0,-1,-1,-1,-2,-2,-2,-2,-3,-3,-3,-3,-3,-4,-4,-4,-4,-4,-4,-4,-3,-3,-3,-3,-2,-2,-2,-1,-1,0,0,1,1,2,2,2,3,3,3,3,3,3,3,3,2,2,1,0,-1,-1,-2,-3,-4,-5,-6,-7,-8,-8,-9,-9,-10,-10,-10,-10,-9,-9,-8,-7,-7,-6,-5,-4,-3,-2,-1,-1,0,0,0,0,0,0,-1,-1,-2,-3,-4,-5,-5,-6,-6,-6,-6,-6,-5,-3,-2,1,3,7,10,14,19,23,28,33,38,42,47,51,54,57,59,61,61,61,59,56,53,48,42,35,28,19,10,1,-9,-19,-29,-39,-49,-58,-66,-74,-80,-85,-90,-92,-94,-94,-93,-90,-87,-82,-76,-69,-61,-52,-43,-34,-24,-15,-5,4,13,21,28,34,40,45,48,51,53,54,54,53,51,49,46,43,40,36,32,28,24,20,17,14,11,8,6,4,3,1,1,0,0,0,0,0,0,1,1,1,2,2,2,2,2,1,1,0,-1,-1,-2,-3,-4,-5,-6,-6,-7,-8,-8,-9,-9,-9,-9,-9,-9,-9,-9,-8,-8,-8,-7,-7,-6,-5,-5,-4,-4,-3,-3,-3,-2,-2,-2,-1,-1,-1,0,0,0,1,1,1,1,2,2,2,2,2,3,3,3,3,3,3,2,2,2,2,1,1,1,0,0,0,0,-1,-1,-1,-1,-1,-1,0,0,0,1,2,2,3,3,4,5,5,6,6,6,6,6,6,6,6,5,4,3,2,1,0,-1,-3,-4,-5,-7,-8,-9,-10,-11,-12,-13,-13,-13,-13,-13,-13,-12,-11,-11,-10,-9,-8,-7,-6,-5,-4,-4,-4,-3,-3,-3,-4,-4,-5,-5,-6,-7,-7,-8,-8,-8,-8,-7,-6,-5,-3,0,3,6,10,14,19,24,29,35,40,45,50,55,59,62,65,67,68,68,67,64,61,56,51,44,36,28,19,9,-1,-12,-23,-33,-44,-53,-63,-71,-79,-85,-90,-94,-96,-97,-97,-95,-92,-88,-83,-76,-68,-60,-51,-42,-33,-23,-14,-4,5,13,20,27,33,38,42,45,48,49,49,49,47,45,43,40,37,34,30,27,23,20,17,14,12,10,8,7,6,6,5,6,6,7,7,8,9,10,10,11,11,11,11,11,10,9,8,7,5,4,2,0,-2,-4,-5,-7,-9,-10,-12,-13,-14,-14,-15,-15,-15,-15,-14,-14,-13,-12,-12,-11,-10,-9,-8,-7,-6,-5,-4,-4,-3,-3,-3,-3,-3,-3,-3,-3,-3,-3,-4,-4,-4,-4,-4,-4,-4,-3,-3,-3,-2,-1,-1,0,1,2,3,4,5,6,7,8,9,10,10,11,11,12,12,12,12,11,11,10,10,9,8,7,6,6,5,4,3,2,1,0,-1,-2,-2,-3,-3,-4,-4,-4,-4,-5,-5,-5,-5,-5,-5,-5,-5,-5,-5,-5,-5,-5,-5,-5,-5,-5,-5,-5,-5,-5,-5,-5,-5,-5,-5,-5,-5,-5,-5,-4,-4,-4,-4,-4,-4,-4,-4,-3,-3,-3,-3,-3,-3,-3,-3,-2,-2,-2,-2,-1,-1,-1,0,0,0,1,1,1,1,2,2,2,2,2,1,1,1,0,0,-1,-1,-1,-2,-2,-2,-2,-1,-1,0,1,3,5,7,9,12,15,18,22,25,29,33,36,39,42,45,47,49,50,50,49,48,46,43,39,34,28,22,15,8,0,-9,-17,-26,-35,-43,-51,-58,-65,-71,-77,-81,-84,-86,-87,-87,-85,-82,-79,-74,-68,-62,-54,-46,-38,-29,-20,-11,-3,6,14,22,28,35,40,45,49,52,54,55,55,55,54,52,50,47,44,40,36,32,28,24,21,17,13,10,7,4,2,0,-2,-3,-4,-5,-6,-7,-7,-7,-7,-7,-7,-7,-7,-7,-7,-7,-7,-7,-7,-7,-7,-7,-6,-6,-6,-6,-6,-5,-5,-4,-4,-3,-3,-2,-2,-1,-1,0,0,1,1,2,2,2,2,2,2,2,2,2,1,1,1,0,0,-1,-1,-1,-1,-2,-2,-2,-2,-2,-2,-2,-2,-2,-1,-1,-1,-1,-1,-1,-1,0,-1,-1,-1,-1,-1,-1,-2,-2,-3,-3,-3,-4,-4,-5,-5,-5,-5,-5,-5,-5,-5,-4,-4,-3,-3,-2,-1,0,1,2,3,4,5,6,7,8,9,9,10,10,10,10,10,10,10,9,9,8,7,6,5,4,3,2,1,0,-1,-2,-3,-4,-4,-5,-6,-6,-6,-6,-6,-7,-6,-6,-6,-6,-6,-6,-5,-5,-5,-5,-4,-4,-4,-4,-4,-4,-4,-4,-4,-4,-4,-4,-4,-4,-4,-3,-3,-3,-2,-2,-1,-1,0,1,2,2,3,4,5,6,6,7,8,8,9,9,9,9,9,9,9,9,8,8,7,6,6,5,4,3,3,2,1,0,0,-1,-1,-2,-2,-3,-3,-3,-3,-3,-3,-3,-2,-2,-2,-2,-1,-1,-1,-1,-1,0,0,0,0,-1,-1,-1,-2,-2,-3,-3,-4,-4,-5,-6,-6,-7,-7,-7,-8,-8,-8,-8,-8,-7,-7,-6,-5,-4,-3,-2,-1,0,1,3,4,5,6,7,8,8,9,9,10,9,9,9,8,7,6,5,4,3,2,0,-1,-2,-3,-5,-6,-6,-7,-7,-8,-8,-8,-8,-8,-7,-7,-6,-6,-5,-5,-5,-4,-4,-4,-5,-5,-6,-6,-7,-8,-8,-9,-10,-10,-11,-11,-11,-10,-9,-8,-6,-3,0,3,7,11,16,20,25,31,36,41,46,50,54,58,60,62,63,63,62,60,57,53,48,42,35,27,18,9,-1,-11,-21,-31,-40,-50,-58,-66,-73,-79,-84,-88,-91,-92,-92,-90,-88,-84,-79,-73,-66,-59,-51,-42,-34,-25,-16,-7,1,9,17,23,29,35,39,43,45,47,48,49,48,47,46,44,42,39,36,34,31,28,25,22,20,17,15,14,12,11,10,9,8,8,7,7,7,7,6,6,6,5,5,4,3,2,1,0,-1,-3,-4,-5,-7,-8,-10,-11,-13,-14,-15,-16,-17,-18,-18,-19,-19,-20,-20,-20,-19,-19,-18,-18,-17,-16,-15,-14,-13,-12,-10,-9,-8,-6,-5,-3,-2,0,2,3,5,6,8,9,10,11,13,14,15,15,16,17,17,18,18,18,18,18,18,17,17,16,16,15,14,13,12,11,10,8,7,6,4,3,1,-1,-2,-4,-5,-7,-9,-10,-12,-13,-14,-16,-17,-18,-19,-20,-20,-21,-21,-21,-21,-21,-20,-20,-19,-18,-16,-15,-14,-12,-10,-8,-6,-4,-3,-1,1,3,5,7,8,10,11,12,13,14,15,15,15,16,16,15,15,15,14,14,13,13,12,11,10,10,9,8,7,7,6,5,5,4,4,4,3,3,3,2,2,2,1,1,0,0,0,-1,-2,-2,-3,-4,-4,-5,-6,-7,-8,-9,-9,-10,-11,-12,-13,-13,-14,-14,-15,-15,-15,-15,-15,-15,-14,-14,-13,-12,-11,-10,-9,-7,-6,-5,-3,-2,0,2,3,5,6,8,9,10,11,12,13,14,14,15,15,15,15,15,14,14,13,13,12,11,10,10,9,8,7,6,5,4,3,2,1,1,0,-1,-1,-2,-2,-3,-3,-3,-4,-4,-4,-4,-4,-4,-5,-5,-5,-5,-5,-6,-6,-6,-6,-7,-7,-7,-8,-8,-8,-8,-9,-9,-9,-9,-9,-9,-9,-8,-8,-8,-7,-6,-6,-5,-4,-3,-2,0,1,2,3,4,6,7,8,9,10,11,11,12,13,13,13,13,13,13,13,12,12,11,10,9,8,7,6,5,4,4,3,2,1,0,0,-1,-2,-2,-2,-3,-3,-3,-3,-4,-4,-4,-4,-5,-5,-6,-6,-7,-8,-8,-9,-10,-11,-12,-13,-14,-15,-15,-16,-17,-17,-17,-17,-17,-16,-16,-15,-14,-13,-11,-10,-8,-7,-5,-3,-1,0,2,3,5,6,7,7,8,8,8,8,8,8,8,7,7,7,7,7,8,9,10,11,13,15,17,20,23,26,30,33,36,40,43,46,48,50,51,52,52,51,49,47,43,39,33,27,20,12,4,-5,-14,-23,-32,-41,-50,-58,-66,-73,-79,-84,-88,-91,-93,-93,-92,-90,-86,-82,-76,-70,-62,-54,-45,-36,-27,-17,-8,1,10,18,26,33,39,44,49,52,55,56,57,57,56,55,53,50,47,43,40,36,32,28,25,21,18,15,12,10,8,6,4,3,2,1,1,0,0,0,0,-1,-1,-1,-2,-2,-3,-4,-5,-6,-7,-8,-9,-10,-12,-13,-14,-15,-16,-17,-18,-19,-19,-19,-19,-19,-19,-18,-17,-16,-15,-14,-12,-11,-9,-8,-6,-4,-2,0,1,3,5,6,7,9,10,11,12,13,13,14,14,15,15,15,14,14,14,13,13,12,11,11,10,9,8,7,6,5,4,3,2,1,1,0,-1,-2,-3,-3,-4,-5,-5,-6,-6,-7,-7,-8,-8,-9,-9,-10,-10,-10,-11,-11,-11,-12,-12,-12,-12,-12,-12,-12,-12,-12,-11,-11,-10,-9,-9,-8,-7,-6,-4,-3,-2,-1,1,2,4,5,7,8,9,11,12,13,14,15,15,16,16,16,17,16,16,16,15,15,14,13,12,11,10,9,8,7,5,4,3,2,1,0,-1,-2,-3,-4,-5,-5,-6,-6,-7,-7,-8,-8,-8,-8,-9,-9,-9,-9,-9,-9,-9,-8,-8,-8,-8,-8,-8,-7,-7,-7,-7,-6,-6,-6,-6,-5,-5,-5,-5,-4,-4,-4,-4,-3,-3,-3,-2,-2,-2,-1,-1,0,0,1,2,2,3,4,5,5,6,7,8,9,9,10,10,11,11,11,11,11,11,11,11,10,9,8,7,6,5,4,3,2,1,0,-1,-2,-3,-4,-5,-6,-6,-7,-7,-7,-7,-8,-8,-8,-8,-8,-9,-9,-9,-10,-10,-11,-11,-12,-12,-13,-13,-14,-14,-14,-14,-13,-13,-12,-10,-8,-6,-4,-1,2,6,10,14,18,22,27,31,35,39,42,45,48,49,50,51,50,49,47,44,40,35,30,24,17,10,3,-5,-13,-21,-28,-35,-42,-48,-54,-59,-62,-65,-67,-68,-68,-67,-64,-61,-57,-52,-47,-41,-34,-27,-20,-13,-6,1,7,14,19,24,29,32,35,37,38,39,39,38,37,35,32,30,27,23,20,16,13,10,6,3,1,-1,-3,-5,-6,-7,-8,-8,-8,-8,-7,-6,-5,-4,-3,-2,-1,1,2,3,3,4,5,5,6,6,6,6,5,5,5,4,4,3,3,2,2,1,1,0,0,-1,-1,-2,-2,-2,-2,-2,-3,-3,-3,-3,-3,-3,-3,-3,-3,-3,-3,-4,-4,-4,-4,-4,-4,-4,-4,-4,-4,-4,-4,-4,-4,-4,-4,-4,-4,-3,-3,-3,-3,-3,-2,-2,-2,-2,-1,-1,0,0,0,1,1,2,2,2,3,3,4,4,4,5,5,5,5,5,6,6,6,6,6,6,5,5,5,5,5,4,4,4,3,3,3,2,2,1,1,1,0,0,0,-1,-1,-1,-2,-2,-2,-3,-3,-3,-3,-3,-4,-4,-4,-4,-4,-4,-4,-4,-4,-4,-4,-4,-4,-4,-4,-4,-4,-4,-4,-4,-4,-3,-3,-3,-3,-3,-3,-4,-4,-4,-4,-4,-4,-4,-4,-5,-5,-5,-4,-4,-4,-4,-3,-3,-2,-1,0,0,1,3,4,5,6,7,8,9,10,10,11,11,11,11,10,10,9,8,6,5,3,1,-1,-2,-4,-6,-8,-9,-10,-11,-11,-11,-11,-10,-8,-7,-4,-1,2,5,9,13,18,22,26,30,34,37,40,42,44,45,45,44,43,40,37,33,28,22,16,9,1,-6,-14,-22,-30,-38,-45,-51,-57,-63,-67,-70,-73,-74,-74,-73,-71,-68,-65,-60,-54,-48,-41,-34,-26,-18,-10,-3,5,12,19,25,30,35,39,42,45,47,48,48,47,46,45,43,40,37,34,31,27,24,21,18,14,12,9,6,4,2,1,-1,-2,-3,-4,-4,-5,-5,-5,-5,-6,-6,-6,-6,-6,-6,-6,-7,-7,-7,-7,-8,-8,-8,-8,-8,-8,-8,-8,-8,-8,-7,-7,-6,-6,-5,-5,-4,-4,-3,-2,-2,-1,-1,0,0,1,1,1,1,1,2,2,2,2,2,2,2,2,1,1,1,1,1,1,1,1,1,1,1,1,1,1,1,1,1,1,1,1,1,1,1,1,1,0,0,0,0,0,0,0,0,0,0,0,0,0,0,0,0,0,0,0,0,0,0,0,0,0,0,0,0,0,0,0,0,0,1,1,1,1,1,1,2,2,2,2,3,3,3,3,3,3,3,3,3,3,2,2,2,1,1,0,-1,-1,-2,-3,-3,-4,-5,-5,-6,-7,-7,-8,-8,-8,-8,-9,-9,-8,-8,-8,-8,-7,-7,-6,-5,-5,-4,-3,-2,-1,0,1,2,3,3,4,5,6,6,7,8,8,8,9,9,9,9,9,9,9,9,9,8,8,7,7,6,6,5,5,4,4,3,3,2,2,1,1,0,0,0,0,0,-1,-1,-1,-1,-1,-1,-1,-1,-1,-2,-2,-2,-3,-3,-4,-5,-5,-6,-7,-8,-9,-10,-11,-12,-13,-14,-15,-16,-16,-17,-17,-17,-17,-16,-15,-14,-13,-12,-10,-9,-7,-5,-3,-1,1,3,4,6,7,8,9,10,10,10,10,10,9,8,8,7,6,5,5,4,4,4,4,5,6,8,10,12,15,18,21,25,29,32,36,39,43,46,48,50,51,51,51,49,47,43,39,34,28,21,13,5,-4,-13,-23,-32,-41,-50,-59,-67,-74,-80,-86,-90,-92,-94,-94,-93,-91,-87,-82,-76,-69,-61,-52,-43,-33,-23,-13,-4,6,15,24,32,39,46,51,55,59,61,62,63,62,61,59,56,53,49,45,40,36,31,27,23,18,15,11,8,5,3,1,-1,-2,-3,-4,-4,-5,-5,-5,-5,-5,-5,-5,-6,-6,-7,-7,-8,-9,-10,-11,-12,-13,-15,-16,-16,-17,-18,-18,-19,-19,-18,-18,-17,-16,-15,-14,-12,-11,-9,-7,-5,-3,-1,1,3,5,6,8,9,10,11,12,12,13,13,13,13,12,12,11,11,10,9,8,8,7,6,5,4,4,3,2,2,1,1,0,0,-1,-1,-2,-2,-2,-3,-3,-4,-4,-4,-5,-5,-6,-6,-6,-7,-7,-7,-7,-8,-8,-8,-8,-7,-7,-7,-6,-6,-5,-5,-4,-4,-3,-2,-1,-1,0,1,2,2,3,4,4,5,5,5,6,6,6,6,7,7,7,7,7,7,7,6,6,6,6,6,6,5,5,5,4,4,3,3,3,2,1,1,0,0,-1,-2,-2,-3,-3,-4,-4,-5,-5,-6,-6,-6,-7,-7,-7,-7,-7,-7,-8,-8,-8,-8,-8,-8,-8,-8,-8,-8,-8,-8,-8,-7,-7,-7,-7,-6,-6,-5,-5,-4,-3,-3,-2,-1,0,1,1,2,3,3,4,4,4,4,4,4,4,3,3,2,1,1,0,-1,-1,-1,-1,-1,0,0,2,3,5,8,11,14,17,21,25,29,33,36,40,44,47,49,51,52,53,53,51,49,46,42,37,31,25,17,9,1,-8,-17,-27,-36,-45,-53,-62,-69,-75,-81,-85,-89,-91,-91,-91,-89,-86,-82,-77,-70,-63,-55,-47,-38,-28,-19,-10,-1,8,16,24,31,37,42,47,50,53,54,55,55,54,52,50,47,44,41,37,33,29,25,22,18,15,12,10,7,6,4,3,2,1,1,1,0,1,1,1,1,1,1,1,0,0,-1,-1,-2,-3,-4,-5,-6,-7,-8,-9,-10,-11,-12,-12,-13,-13,-14,-14,-14,-14,-13,-13,-12,-12,-11,-10,-10,-9,-8,-7,-6,-5,-4,-3,-2,-1,0,1,2,2,3,4,5,5,6,7,7,8,8,9,9,9,10,10,10,9,9,9,8,8,7,6,5,4,3,2,1,0,-1,-2,-3,-4,-4,-5,-6,-6,-6,-7,-7,-7,-7,-7,-6,-6,-5,-5,-4,-4,-3,-3,-2,-2,-1,-1,0,0,0,0,0,0,0,0,0,0,0,0,0,-1,-1,-1,-1,-1,0,0,0,0,1,1,2,2,3,3,4,4,5,5,6,6,6,6,6,6,6,6,5,5,4,3,3,2,1,0,-1,-2,-3,-4,-5,-5,-6,-7,-7,-7,-7,-7,-7,-7,-6,-6,-5,-4,-3,-2,-1,0,1,2,2,3,4,5,5,6,6,6,6,5,5,4,3,3,2,1,0,-1,-3,-4,-5,-5,-6,-7,-7,-8,-8,-8,-8,-8,-8,-8,-8,-7,-7,-7,-6,-6,-6,-6,-6,-6,-6,-7,-7,-7,-8,-8,-8,-9,-8,-8,-8,-7,-5,-4,-2,1,4,7,10,14,19,23,28,33,37,42,46,50,54,57,59,61,61,61,60,58,55,50,45,39,32,25,16,7,-2,-12,-21,-31,-40,-49,-58,-66,-73,-78,-83,-87,-89,-91,-90,-89,-86,-83,-78,-72,-65,-58,-50,-41,-33,-24,-15,-6,2,10,18,24,30,36,40,43,46,48,49,49,48,47,45,43,40,37,34,31,28,24,21,19,16,13,11,10,8,7,6,5,5,5,5,5,5,5,5,5,6,5,5,5,4,4,3,2,1,0,-1,-3,-4,-5,-7,-8,-9,-10,-11,-12,-13,-14,-14,-14,-15,-14,-14,-14,-14,-13,-12,-12,-11,-10,-9,-8,-8,-7,-6,-5,-4,-4,-3,-2,-1,-1,0,0,1,1,2,2,3,3,4,4,4,5,5,6,6,6,7,7,7,7,7,7,8,8,7,7,7,7,7,6,6,5,5,4,4,3,2,2,1,0,0,-1,-2,-2,-3,-4,-4,-5,-5,-5,-6,-6,-6,-6,-6,-5,-5,-5,-4,-4,-3,-2,-2,-1,0,0,1,2,2,3,3,3,3,3,3,2,2,1,0,0,-1,-2,-4,-5,-6,-7,-8,-8,-9,-10,-10,-11,-11,-10,-10,-10,-9,-8,-7,-6,-5,-4,-3,-2,-1,0,1,2,2,3,3,3,3,2,1,1,0,-1,-2,-2,-3,-3,-4,-3,-3,-2,-1,1,3,5,8,12,15,19,23,27,32,36,40,43,46,49,51,52,53,52,51,49,46,42,37,31,24,17,9,1,-8,-17,-26,-34,-42,-50,-57,-64,-69,-74,-78,-80,-81,-81,-80,-77,-74,-70,-64,-58,-51,-44,-36,-28,-20,-11,-4,4,11,18,24,29,33,37,40,42,43,43,43,42,40,38,36,33,30,27,24,20,17,15,12,10,8,6,5,4,3,2,2,2,2,2,3,3,3,4,4,4,4,4,4,4,4,3,3,2,1,1,0,-1,-2,-2,-3,-4,-4,-4,-5,-5,-5,-5,-5,-5,-5,-4,-4,-4,-4,-4,-4,-4,-4,-4,-5,-5,-5,-6,-6,-7,-8,-8,-9,-9,-10,-10,-10,-10,-10,-10,-10,-9,-8,-8,-7,-6,-4,-3,-2,0,1,3,4,5,7,8,9,10,11,12,12,13,13,13,13,13,12,12,11,10,9,9,8,7,6,5,4,3,2,1,0,-1,-1,-2,-2,-3,-3,-3,-4,-4,-4,-4,-4,-4,-4,-5,-5,-5,-5,-5,-6,-6,-6,-6,-7,-7,-8,-8,-8,-9,-9,-9,-9,-9,-9,-9,-9,-9,-8,-8,-7,-7,-6,-5,-4,-2,-1,0,1,3,4,6,7,8,10,11,12,13,14,15,15,16,16,16,16,16,15,15,14,13,13,12,10,9,8,7,6,5,3,2,1,0,-1,-2,-3,-3,-4,-5,-5,-6,-6,-6,-7,-7,-8,-8,-8,-9,-9,-10,-11,-11,-12,-13,-14,-15,-15,-16,-17,-18,-18,-19,-19,-19,-19,-19,-19,-18,-17,-16,-15,-13,-12,-10,-8,-6,-4,-2,0,2,4,6,8,9,10,11,12,12,13,13,13,13,12,12,12,12,12,12,13,13,15,16,18,20,22,25,28,31,35,38,42,45,48,51,53,55,56,56,56,54,52,48,44,39,32,25,17,8,-2,-12,-22,-33,-43,-54,-64,-73,-82,-90,-96,-102,-106,-109,-111,-111,-109,-106,-102,-96,-89,-81,-72,-62,-52,-41,-30,-18,-7,4,15,25,34,43,50,57,62,67,70,72,73,73,73,71,69,66,62,58,54,50,45,40,36,32,27,23,20,17,14,11,9,7,5,3,2,1,0,-1,-2,-3,-4,-5,-7,-8,-9,-11,-12,-14,-16,-17,-19,-21,-22,-24,-25,-26,-27,-28,-28,-29,-29,-29,-28,-27,-26,-25,-24,-22,-20,-18,-16,-14,-12,-10,-8,-5,-3,-1,1,3,5,6,8,10,11,12,14,15,16,17,17,18,19,19,20,20,20,20,20,20,20,20,20,19,19,18,17,16,15,14,13,11,10,8,7,5,3,1,0,-2,-4,-6,-8,-9,-11,-12,-14,-15,-16,-17,-18,-19,-19,-20,-20,-20,-20,-20,-19,-19,-18,-17,-16,-15,-14,-13,-12,-10,-9,-8,-6,-5,-4,-2,-1,0,1,2,3,4,5,6,7,7,8,8,8,9,9,9,9,10,10,10,10,10,10,10,10,10,10,10,10,10,10,10,10,10,10,10,10,9,9,9,8,7,7,6,5,4,3,2,1,-1,-2,-3,-5,-6,-7,-9,-10,-11,-12,-13,-14,-14,-15,-15,-15,-15,-15,-15,-14,-14,-13,-12,-11,-10,-9,-8,-6,-5,-4,-3,-1,0,1,2,3,4,4,5,5,6,6,6,6,6,6,6,6,6,5,5,5,5,5,5,4,4,4,4,5,5,5,5,5,6,6,6,6,6,7,7,7,7,7,6,6,6,6,5,5,4,3,3,2,1,1,0,-1,-1,-2,-3,-3,-4,-4,-5,-5,-6,-6,-6,-7,-7,-7,-8,-8,-8,-9,-9,-9,-10,-10,-11,-11,-11,-12,-12,-12,-12,-12,-12,-11,-11,-11,-10,-9,-8,-7,-6,-5,-4,-3,-2,-1,0,1,2,3,3,4,4,4,4,3,3,2,1,1,0,-1,-1,-2,-2,-1,-1,0,1,3,5,8,11,14,18,22,27,31,36,40,44,48,52,55,57,59,60,60,59,57,54,50,44,38,31,23,15,6,-4,-14,-24,-34,-44,-53,-62,-70,-77,-83,-88,-92,-95,-96,-96,-94,-91,-87,-82,-76,-68,-60,-52,-42,-33,-23,-14,-4,5,13,21,28,34,40,44,48,51,52,53,53,52,51,49,46,43,40,36,32,29,25,22,19,16,13,11,9,7,6,5,4,3,3,3,3,3,3,3,3,3,3,2,2,2,1,0,-1,-2,-3,-4,-5,-6,-7,-8,-8,-9,-10,-10,-10,-11,-11,-10,-10,-10,-9,-9,-8,-7,-7,-6,-5,-4,-4,-3,-3,-2,-2,-2,-1,-1,-1,-1,-1,-1,-1,-1,-2,-2,-2,-2,-2,-2,-2,-2,-1,-1,-1,0,0,0,1,1,1,2,2,2,3,3,3,3,3,3,3,3,3,2,2,2,1,1,1,0,0,-1,-1,-1,-1,-2,-2,-2,-2,-2,-1,-1,-1,0,0,0,1,1,2,3,3,4,4,4,5,5,5,5,5,5,5,5,5,4,4,3,3,2,1,1,0,-1,-1,-2,-3,-3,-4,-5,-5,-5,-6,-6,-6,-6,-6,-6,-6,-6,-5,-5,-5,-4,-4,-4,-3,-3,-3,-2,-2,-2,-1,-1,-1,-1,0,0,0,0,0,0,0,0,0,0,0,1,1,1,1,1,2,2,2,2,3,3,3,3,4,4,4,4,4,4,4,4,4,4,4,4,4,4,3,3,3,2,2,2,2,1,1,1,1,0,0,0,0,0,0,0,0,0,0,0,0,0,0,0,0,0,0,0,0,0,0,-1,-1,-2,-2,-2,-3,-4,-4,-5,-5,-6,-6,-7,-7,-8,-8,-8,-8,-8,-8,-8,-8,-7,-7,-6,-6,-5,-4,-3,-2,-1,0,1,2,3,4,5,6,7,8,8,9,9,10,10,10,10,10,10,9,9,9,8,7,7,6,5,4,4,3,2,1,1,0,-1,-1,-2,-2,-2,-3,-3,-3,-4,-4,-4,-4,-4,-4,-4,-5,-5,-5,-5,-4,-4,-4,-4,-4,-4,-4,-3,-3,-3,-2,-2,-2,-1,-1,-1,0,0,0,0,0,0,0,0,0,0,0,0,-1,-1,-1,-1,-2,-2,-2,-2,-2,-3,-3,-3,-2,-2,-2,-2,-2,-2,-2,-2,-2,-2,-2,-3,-3,-4,-5,-5,-6,-7,-9,-10,-11,-12,-13,-13,-14,-14,-14,-13,-12,-11,-9,-6,-3,0,4,9,13,18,24,29,35,40,46,51,55,59,63,65,67,68,67,66,64,60,56,50,43,36,27,18,8,-2,-12,-23,-33,-43,-53,-62,-70,-77,-83,-88,-92,-94,-96,-95,-94,-91,-87,-82,-75,-68,-60,-52,-43,-34,-25,-15,-6,2,10,18,25,31,36,41,44,47,48,49,49,49,47,45,43,40,37,34,31,28,25,22,19,16,14,12,10,9,8,7,7,6,6,6,6,7,7,7,7,7,7,7,7,6,5,5,4,3,1,0,-1,-3,-4,-6,-7,-8,-9,-11,-12,-12,-13,-14,-14,-14,-15,-14,-14,-14,-14,-13,-12,-12,-11,-10,-9,-9,-8,-7,-6,-5,-5,-4,-3,-3,-2,-1,-1,0,0,0,1,1,1,2,2,2,3,3,3,3,4,4,4,5,5,5,5,6,6,6,6,6,6,7,7,7,7,7,7,7,6,6,6,5,5,5,4,4,3,2,2,1,0,0,-1,-2,-3,-3,-4,-4,-5,-6,-6,-6,-7,-7,-7,-7,-7,-7,-7,-7,-7,-6,-6,-6,-5,-5,-5,-4,-4,-3,-3,-2,-2,-2,-1,-1,-1,0,0,0,1,1,1,1,2,2,2,2,3,3,3,3,4,4,4,4,5,5,5,5,6,6,6,6,6,6,6,6,6,6,6,5,5,5,4,4,3,3,2,1,1,0,-1,-1,-2,-3,-3,-4,-5,-5,-6,-6,-7,-7,-7,-8,-8,-8,-8,-9,-9,-8,-8,-8,-8,-7,-7,-6,-6,-5,-5,-4,-3,-2,-1,-1,0,1,2,3,4,5,5,6,7,7,8,8,9,9,9,9,9,9,9,9,8,8,8,7,7,6,5,5,4,4,3,3,2,2,1,1,0,0,0,0,0,0,0,0,-1,-1,-1,-1,-1,-1,-2,-2,-3,-3,-4,-5,-5,-6,-7,-9,-10,-11,-12,-13,-14,-15,-16,-16,-17,-17,-17,-17,-17,-16,-15,-14,-13,-12,-10,-8,-6,-5,-3,-1,1,3,4,6,7,8,8,9,9,9,8,8,7,6,5,4,3,3,2,2,2,2,3,4,6,8,11,14,17,21,25,29,33,37,41,45,49,51,54,56,56,56,56,54,51,47,42,35,29,21,12,3,-7,-16,-26,-36,-46,-56,-64,-72,-80,-86,-91,-94,-97,-98,-97,-95,-92,-88,-82,-75,-67,-59,-49,-40,-30,-19,-9,1,10,19,28,35,42,48,52,56,59,61,61,61,60,58,55,52,48,44,40,35,30,26,22,17,13,10,7,4,1,-1,-2,-4,-5,-6,-6,-6,-6,-6,-6,-6,-6,-6,-6,-6,-6,-6,-6,-7,-7,-7,-8,-8,-9,-9,-10,-10,-10,-10,-10,-10,-10,-9,-9,-8,-7,-6,-5,-4,-3,-2,0,1,2,3,4,5,6,7,7,8,8,8,8,8,8,8,7,7,6,6,5,4,4,3,2,1,1,0,-1,-1,-2,-3,-3,-4,-4,-5,-5,-5,-6,-6,-6,-6,-7,-7,-7,-7,-7,-6,-6,-6,-6,-6,-5,-5,-5,-4,-4,-3,-3,-2,-2,-2,-1,-1,0,0,1,1,2,2,3,3,4,4,4,5,5,5,6,6,6,6,7,7,7,7,7,7,7,7,6,6,6,5,5,4,4,3,3,2,2,1,0,0,-1,-2,-2,-3,-3,-4,-4,-4,-5,-5,-5,-6,-6,-6,-6,-6,-6,-6,-6,-6,-6,-6,-6,-6,-6,-6,-6,-6,-5,-5,-5,-5,-4,-4,-4,-3,-3,-2,-1,-1,0,1,2,3,3,4,5,6,7,7,8,9,9,10,10,10,10,10,10,9,9,8,7,7,6,5,4,3,2,1,0,-1,-2,-3,-3,-4,-4,-5,-5,-5,-5,-5,-5,-5,-5,-4,-4,-3,-3,-3,-2,-2,-1,-1,-1,-1,-1,0,0,-1,-1,-1,-1,-1,-1,-1,-2,-2,-2,-2,-2,-2,-2,-1,-1,-1,0,0,0,1,1,2,2,3,3,3,3,3,3,3,3,3,2,2,1,1,0,0,-1,-2,-2,-3,-4,-4,-5,-5,-6,-6,-7,-7,-7,-8,-8,-8,-8,-9,-9,-10,-10,-10,-11,-11,-12,-12,-12,-13,-13,-13,-12,-12,-11,-10,-8,-6,-4,-1,2,5,9,13,17,22,27,32,36,41,45,50,53,57,59,61,62,62,62,60,57,54,49,44,37,30,22,14,5,-4,-13,-23,-32,-41,-49,-57,-64,-71,-76,-80,-83,-85,-86,-85,-84,-81,-77,-72,-66,-60,-53,-45,-37,-29,-21,-12,-4,3,10,17,23,28,32,36,39,41,42,42,42,41,40,38,36,33,30,28,25,22,19,17,14,12,10,9,8,7,6,6,6,6,6,6,6,7,7,7,8,8,8,8,7,7,6,6,5,4,3,2,1,-1,-2,-3,-4,-5,-6,-7,-8,-9,-9,-10,-10,-10,-10,-11,-11,-11,-10,-10,-10,-10,-10,-10,-9,-9,-9,-9,-9,-8,-8,-8,-7,-7,-6,-6,-5,-5,-4,-3,-2,-2,-1,0,1,2,3,4,5,6,7,7,8,9,9,9,10,10,10,10,10,9,9,8,8,7,6,6,5,4,3,3,2,1,0,0,-1,-1,-2,-2,-3,-3,-3,-3,-4,-4,-4,-4,-4,-4,-4,-4,-4,-4,-4,-4,-4,-5,-5,-5,-5,-5,-5,-5,-5,-5,-5,-4,-4,-4,-4,-3,-3,-3,-2,-2,-1,-1,0,1,1,2,2,3,4,4,5,5,6,6,6,6,6,7,7,6,6,6,6,5,5,5,4,4,3,3,2,2,1,1,0,0,-1,-1,-1,-1,-2,-2,-2,-2,-2,-2,-2,-2,-2,-2,-2,-2,-2,-2,-2,-2,-2,-2,-2,-3,-3,-3,-3,-3,-3,-3,-3,-3,-3,-3,-3,-3,-3,-2,-2,-2,-1,-1,0,1,1,2,3,3,4,4,5,5,6,6,6,7,6,6,6,6,5,5,4,3,2,1,0,-2,-3,-4,-5,-6,-7,-8,-9,-10,-10,-11,-11,-11,-11,-10,-10,-9,-8,-7,-6,-5,-4,-3,-2,-1,0,0,1,1,1,1,1,0,-1,-1,-3,-4,-5,-6,-7,-8,-9,-9,-9,-9,-8,-7,-6,-3,-1,2,6,10,15,19,24,29,34,39,44,49,53,56,59,61,62,62,61,59,56,52,46,40,33,25,16,7,-2,-12,-22,-32,-42,-51,-60,-67,-74,-80,-85,-89,-91,-92,-91,-90,-87,-82,-77,-71,-64,-56,-47,-38,-29,-20,-11,-2,7,15,22,29,34,39,43,46,49,50,50,50,49,47,45,42,39,35,32,28,25,21,18,15,12,9,7,5,4,3,2,1,1,1,1,1,2,2,2,3,3,3,3,3,3,3,2,1,1,0,-1,-2,-3,-4,-5,-6,-6,-7,-8,-8,-9,-9,-9,-9,-9,-9,-8,-8,-8,-7,-7,-6,-6,-5,-5,-4,-4,-3,-3,-3,-3,-2,-2,-2,-2,-2,-2,-2,-2,-2,-2,-2,-2,-2,-2,-1,-1,-1,-1,0,0,0,0,1,1,1,2,2,3,3,3,4,4,4,4,5,5,5,5,5,5,5,5,5,5,5,5,4,4,4,3,3,2,2,1,1,0,0,-1,-1,-2,-2,-3,-3,-4,-4,-4,-5,-5,-5,-5,-5,-5,-5,-5,-5,-5,-5,-4,-4,-4,-4,-3,-3,-3,-2,-2,-1,-1,-1,0,0,0,0,1,1,1,1,2,2,2,2,3,3,3,3,3,3,3,3,4,4,4,4,4,4,4,3,3,3,3,3,3,3,2,2,2,2,1,1,1,1,0,0,0,-1,-1,-1,-1,-2,-2,-2,-3,-3,-3,-3,-4,-4,-4,-4,-4,-4,-4,-4,-4,-3,-3,-3,-2,-1,-1,0,1,1,2,3,3,4,5,5,6,6,6,6,6,6,6,5,4,3,2,1,0,-2,-3,-4,-6,-7,-8,-10,-11,-11,-12,-13,-13,-13,-13,-13,-12,-11,-11,-10,-9,-7,-6,-5,-4,-4,-3,-2,-2,-2,-2,-2,-2,-3,-3,-4,-5,-5,-6,-6,-6,-6,-6,-5,-4,-2,0,3,6,10,14,19,24,29,34,40,45,50,55,59,63,66,68,69,69,68,66,62,58,52,45,37,29,19,9,-2,-13,-24,-35,-46,-56,-66,-75,-83,-90,-96,-100,-103,-105,-105,-103,-100,-96,-91,-84,-76,-68,-59,-49,-39,-28,-18,-8,2,11,19,27,34,40,46,50,53,55,56,57,56,55,53,51,48,45,42,39,35,32,28,25,22,20,17,15,14,12,11,10,9,9,8,8,7,7,7,6,6,5,4,3,2,1,-1,-2,-4,-6,-7,-9,-11,-13,-14,-16,-17,-18,-19,-20,-21,-21,-21,-21,-21,-20,-20,-19,-18,-17,-15,-14,-12,-11,-9,-8,-6,-5,-3,-2,0,1,2,4,5,6,7,8,9,9,10,10,11,11,12,12,12,12,12,12,12,12,12,12,11,11,10,10,9,9,8,7,6,5,4,3,2,1,0,-1,-2,-3,-4,-5,-6,-7,-8,-9,-9,-10,-10,-11,-11,-11,-11,-11,-11,-10,-10,-9,-9,-8,-7,-7,-6,-5,-5,-4,-4,-3,-3,-2,-2,-2,-2,-2,-2,-3,-3,-3,-3,-4,-4,-4,-4,-4,-4,-4,-3,-3,-2,-2,-1,0,0,1,2,3,3,4,4,5,5,5,5,4,4,3,2,1,0,-1,-2,-2,-3,-3,-3,-3,-2,-1,0,2,5,8,11,15,19,23,28,32,37,41,45,48,52,54,56,56,56,55,53,50,46,41,34,27,19,10,1,-9,-19,-29,-39,-49,-58,-67,-74,-81,-87,-92,-95,-97,-97,-96,-94,-90,-85,-79,-72,-64,-55,-45,-35,-25,-15,-5,5,15,24,32,39,45,50,54,58,60,61,61,60,58,56,53,49,45,40,36,31,27,22,18,14,11,7,5,2,0,-1,-2,-3,-3,-3,-3,-3,-2,-2,-1,-1,-1,0,0,0,-1,-1,-2,-3,-3,-5,-6,-7,-8,-9,-11,-12,-13,-14,-14,-15,-15,-15,-15,-15,-14,-13,-12,-11,-9,-8,-6,-5,-3,-1,0,2,3,5,6,7,8,9,10,10,11,11,11,11,10,10,9,9,8,7,6,5,4,3,2,1,0,0,-1,-2,-3,-3,-4,-4,-5,-5,-5,-5,-5,-6,-6,-6,-5,-5,-5,-5,-5,-5,-4,-4,-4,-4,-4,-3,-3,-3,-3,-2,-2,-2,-2,-2,-1,-1,-1,-1,-1,0,0,0,0,0,1,1,1,1,2,2,2,2,2,3,3,3,3,3,3,3,3,3,3,3,3,3,3,3,3,3,3,2,2,2,2,2,2,1,1,1,1,1,1,1,0,0,0,0,0,0,0,0,0,0,0,-1,-1,-1,-1,-1,-1,-1,-1,-1,-1,-1,-1,-1,-1,-1,-1,-1,-1,-1,-1,-1,-1,-1,-1,-1,-1,-1,-1,-1,-1,-1,-1,-1,-2,-2,-2,-2,-2,-2,-2,-2,-2,-2,-2,-1,-1,-1,-1,0,0,0,0,0,1,1,1,1,1,1,1,0,0,0,-1,-1,-1,-2,-2,-3,-3,-4,-4,-4,-5,-5,-5,-5,-5,-4,-4,-4,-3,-3,-2,-2,-1,-1,0,0,1,1,1,1,1,0,0,-1,-1,-2,-3,-3,-4,-4,-4,-4,-4,-3,-3,-1,0,2,4,7,10,13,17,20,24,28,31,35,38,41,43,45,47,47,47,46,44,41,38,33,28,22,16,9,1,-7,-15,-23,-31,-39,-47,-54,-60,-66,-71,-74,-77,-79,-79,-79,-77,-74,-70,-65,-59,-53,-46,-38,-30,-22,-14,-6,2,10,17,24,30,35,39,43,46,48,49,50,50,49,47,45,43,40,37,33,30,26,23,20,16,13,11,8,6,4,2,1,0,-1,-2,-3,-3,-4,-4,-4,-4,-4,-4,-5,-5,-5,-5,-6,-6,-6,-7,-7,-8,-8,-8,-8,-9,-9,-9,-9,-9,-8,-8,-8,-8,-7,-7,-6,-6,-5,-5,-4,-4,-3,-3,-2,-2,-2,-1,-1,-1,-1,0,0,0,0,0,0,1,1,1,2,2,2,3,3,4,4,5,5,5,6,6,6,6,7,7,7,6,6,6,6,5,5,4,3,3,2,1,0,-1,-1,-2,-3,-3,-4,-5,-5,-6,-6,-6,-6,-6,-6,-6,-6,-6,-5,-5,-4,-4,-3,-3,-2,-2,-1,-1,-1,0,0,0,1,1,1,1,1,1,1,1,1,0,0,0,0,0,0,0,0,0,0,0,0,0,1,1,1,1,2,2,2,3,3,3,4,4,4,4,4,4,4,4,4,4,3,3,3,2,2,2,1,1,0,0,-1,-1,-1,-2,-2,-2,-3,-3,-3,-3,-3,-3,-3,-3,-3,-3,-3,-3,-3,-3,-3,-3,-3,-3,-3,-3,-2,-2,-2,-2,-2,-2,-1,-1,-1,0,0,0,1,1,1,2,2,3,3,3,4,4,4,4,5,5,5,5,5,4,4,4,4,3,3,3,2,2,1,1,1,0,0,0,0,0,0,0,0,0,0,1,1,1,2,2,2,2,2,2,2,2,2,1,1,0,-1,-2,-3,-5,-6,-7,-9,-10,-11,-13,-14,-15,-16,-16,-17,-17,-17,-17,-16,-16,-15,-14,-13,-11,-10,-8,-7,-5,-4,-2,-1,0,1,2,3,3,4,4,4,5,5,5,5,6,6,7,8,9,11,13,15,18,21,24,27,31,34,38,41,45,48,51,53,54,55,56,55,54,51,48,44,39,33,26,18,10,1,-8,-17,-27,-36,-45,-54,-62,-70,-76,-82,-87,-90,-92,-93,-93,-91,-88,-84,-79,-73,-66,-58,-50,-41,-32,-23,-14,-5,4,12,19,26,32,37,41,45,47,49,50,50,49,48,46,43,41,38,35,31,28,25,22,19,16,14,12,11,9,8,8,7,7,7,7,7,8,8,8,8,9,9,8,8,8,7,6,5,4,3,1,0,-1,-3,-4,-6,-7,-9,-10,-11,-12,-13,-14,-15,-16,-16,-17,-17,-17,-18,-18,-18,-18,-17,-17,-17,-16,-16,-15,-15,-14,-13,-12,-11,-10,-9,-8,-6,-5,-3,-2,0,2,3,5,7,8,10,12,13,14,15,16,17,18,18,18,19,18,18,18,17,16,15,14,13,11,10,9,7,6,5,3,2,1,0,-1,-2,-3,-4,-4,-5,-5,-5,-5,-6,-6,-6,-6,-6,-5,-5,-5,-5,-5,-5,-5,-6,-6,-6,-6,-7,-7,-7,-8,-8,-9,-9,-9,-10,-10,-10,-10,-10,-10,-10,-10,-10,-10,-9,-8,-8,-7,-6,-5,-4,-3,-2,0,1,2,4,5,6,7,9,10,11,12,13,13,14,15,15,15,15,15,15,14,14,13,13,12,11,10,9,8,7,5,4,3,2,1,0,-1,-2,-3,-4,-5,-6,-6,-7,-7,-8,-8,-8,-8,-8,-8,-8,-8,-8,-8,-8,-8,-8,-7,-7,-7,-7,-6,-6,-6,-5,-5,-5,-4,-4,-3,-3,-2,-1,-1,0,1,1,2,3,3,4,5,6,6,7,8,8,8,9,9,9,9,9,9,9,8,8,7,6,6,5,4,3,2,2,1,0,-1,-1,-2,-3,-3,-3,-4,-4,-4,-4,-4,-4,-4,-4,-4,-4,-4,-4,-4,-4,-5,-5,-5,-6,-6,-6,-7,-7,-8,-8,-9,-9,-9,-10,-10,-10,-10,-9,-9,-8,-8,-7,-6,-5,-4,-3,-2,-1,0,1,1,2,3,3,3,3,3,2,2,1,1,0,0,-1,-1,-1,-1,-1,-1,1,2,4,6,9,12,15,19,23,27,31,36,40,44,48,51,54,56,57,58,57,56,53,50,46,40,34,27,19,11,1,-8,-18,-28,-38,-47,-56,-64,-72,-79,-85,-89,-93,-95,-95,-95,-93,-90,-85,-80,-73,-65,-57,-48,-39,-29,-19,-10,0,9,17,25,33,39,44,49,52,55,57,57,57,56,54,52,49,45,41,37,33,29,25,20,17,13,10,7,4,2,0,-1,-2,-3,-4,-4,-4,-4,-3,-3,-2,-2,-1,-1,0,0,1,1,1,1,1,0,0,0,-1,-1,-2,-2,-3,-3,-4,-4,-5,-5,-5,-6,-6,-6,-6,-7,-7,-7,-7,-7,-7,-7,-7,-7,-7,-7,-7,-7,-7,-7,-7,-7,-7,-6,-6,-6,-5,-5,-4,-4,-3,-3,-2,-1,-1,0,1,1,2,3,3,4,4,4,5,5,5,5,6,6,6,6,6,6,5,5,5,5,5,5,5,5,4,4,4,4,4,4,4,4,3,3,3,3,3,2,2,2,2,1,1,1,0,0,-1,-1,-1,-2,-2,-2,-3,-3,-3,-4,-4,-4,-5,-5,-5,-5,-5,-5,-6,-6,-6,-6,-6,-6,-6,-6,-6,-6,-6,-6,-5,-5,-5,-5,-5,-4,-4,-4,-3,-3,-2,-2,-1,0,0,1,2,2,3,4,4,5,6,6,7,7,7,8,8,8,8,8,8,8,8,8,7,7,7,6,6,5,4,4,3,3,2,2,1,1,0,0,-1,-1,-1,-1,-2,-2,-2,-2,-3,-3,-3,-3,-3,-3,-4,-4,-4,-4,-4,-5,-5,-5,-5,-5,-5,-6,-6,-6,-6,-6,-6,-6,-5,-5,-5,-5,-4,-4,-3,-3,-2,-2,-1,0,0,1,2,3,3,4,5,5,6,6,7,7,8,8,8,9,9,9,9,9,9,8,8,8,7,7,6,5,5,4,3,2,1,0,-1,-2,-3,-4,-5,-6,-8,-9,-10,-10,-11,-12,-13,-13,-13,-14,-14,-14,-13,-13,-13,-12,-12,-11,-10,-9,-9,-8,-7,-6,-6,-5,-5,-5,-4,-4,-4,-4,-4,-4,-4,-4,-4,-4,-3,-3,-2,-1,1,3,5,8,11,14,17,21,25,30,34,38,42,46,50,53,56,58,60,60,60,59,58,55,51,46,40,34,26,18,10,1,-9,-18,-28,-37,-47,-55,-64,-71,-77,-83,-87,-91,-93,-93,-93,-91,-88,-84,-79,-73,-66,-58,-50,-41,-32,-23,-14,-5,3,11,19,25,32,37,41,45,48,50,51,51,51,50,49,47,44,42,39,36,33,30,27,25,22,20,18,16,14,13,12,11,10,9,9,8,7,7,6,5,4,3,2,1,0,-1,-3,-4,-6,-7,-9,-10,-12,-13,-14,-15,-16,-16,-17,-17,-17,-16,-16,-16,-15,-14,-14,-13,-12,-11,-10,-9,-9,-8,-8,-7,-7,-7,-7,-7,-7,-7,-7,-7,-7,-7,-7,-6,-6,-6,-5,-4,-3,-2,-1,0,2,3,5,7,8,10,12,13,15,16,17,18,19,20,20,20,20,20,19,18,17,16,15,13,12,10,9,7,5,4,2,1,0,-2,-3,-4,-5,-5,-6,-6,-7,-7,-7,-8,-8,-8,-8,-8,-8,-8,-9,-9,-9,-9,-10,-10,-10,-11,-11,-12,-12,-12,-12,-12,-12,-12,-12,-12,-11,-11,-10,-10,-9,-8,-7,-6,-6,-5,-4,-3,-2,-1,0,0,1,2,2,3,3,4,4,5,5,5,6,6,6,7,7,7,7,8,8,8,8,8,7,7,7,6,5,5,4,3,2,1,0,-1,-2,-2,-3,-3,-3,-3,-2,-1,1,2,5,7,10,13,17,21,24,28,32,36,39,42,44,46,47,47,47,46,44,40,36,31,26,19,12,4,-5,-14,-23,-32,-41,-49,-57,-65,-72,-78,-83,-86,-89,-90,-90,-89,-86,-83,-78,-71,-64,-57,-48,-39,-29,-20,-10,0,9,18,26,34,41,47,52,56,59,61,62,62,62,60,58,55,52,48,43,39,34,30,25,21,17,13,9,6,2,0,-2,-4,-6,-7,-8,-9,-10,-10,-11,-11,-11,-11,-11,-11,-11,-11,-12,-12,-12,-12,-12,-12,-12,-12,-12,-12,-12,-11,-11,-10,-9,-8,-7,-6,-5,-4,-3,-2,-1,1,2,3,4,5,5,6,7,7,7,7,7,7,7,7,7,6,6,5,5,4,4,3,3,2,2,2,1,1,0,0,0,0,-1,-1,-1,-2,-2,-2,-2,-3,-3,-3,-4,-4,-4,-4,-5,-5,-5,-5,-5,-5,-5,-5,-5,-5,-5,-4,-4,-4,-3,-3,-3,-2,-2,-1,-1,0,0,1,1,2,2,2,3,3,3,4,4,4,4,5,5,5,5,5,5,5,5,5,5,5,5,5,5,5,5,4,4,4,3,3,3,2,1,1,0,0,-1,-2,-3,-3,-4,-5,-5,-6,-7,-7,-8,-8,-9,-9,-9,-9,-9,-9,-9,-9,-8,-8,-7,-7,-6,-5,-4,-3,-2,-1,0,1,2,3,4,5,6,6,7,8,8,9,9,9,9,9,9,9,8,8,7,7,6,6,5,4,3,2,2,1,0,-1,-1,-2,-2,-3,-3,-4,-4,-4,-4,-4,-4,-4,-4,-4,-4,-4,-4,-3,-3,-3,-3,-2,-2,-2,-2,-2,-2,-1,-1,-1,-1,-1,-1,-1,-1,-1,-1,-1,0,0,0,0,0,1,1,1,1,2,2,2,3,3,3,3,4,4,4,4,4,4,4,4,3,3,3,3,2,2,2,2,1,1,1,1,1,0,0,0,1,1,1,1,1,1,1,1,1,1,1,1,1,0,0,-1,-2,-2,-3,-4,-5,-6,-8,-9,-10,-11,-12,-13,-13,-14,-14,-15,-15,-14,-14,-13,-13,-12,-10,-9,-8,-7,-5,-4,-2,-1,0,1,2,2,3,3,3,3,2,2,1,1,0,0,-1,-1,-1,-1,0,1,3,5,7,10,13,17,21,25,30,35,39,44,48,52,56,59,61,63,64,63,62,59,56,51,45,39,31,22,13,3,-7,-18,-28,-39,-49,-59,-68,-77,-84,-91,-96,-100,-102,-103,-103,-101,-98,-93,-88,-81,-73,-64,-55,-45,-35,-25,-15,-5,4,13,22,29,36,42,47,51,54,56,57,57,56,55,53,50,47,44,41,37,34,30,27,24,21,18,16,14,13,12,11,10,9,9,9,9,9,8,8,8,8,7,6,5,4,3,1,0,-2,-3,-5,-7,-9,-11,-12,-14,-15,-16,-17,-18,-19,-19,-19,-19,-19,-19,-18,-18,-17,-16,-15,-14,-13,-12,-11,-10,-9,-8,-8,-7,-6,-5,-5,-4,-3,-2,-2,-1,0,0,1,2,3,4,5,6,7,8,9,10,11,12,12,13,14,14,14,14,14,14,14,14,13,12,11,10,9,8,7,6,4,3,2,0,-1,-2,-3,-4,-5,-6,-7,-8,-8,-9,-9,-9,-10,-10,-10,-10,-10,-9,-9,-9,-9,-9,-8,-8,-8,-7,-7,-7,-6,-6,-5,-5,-4,-4,-3,-3,-2,-2,-1,-1,0,1,1,2,3,3,4,5,5,6,6,7,7,8,8,8,8,9,9,9,8,8,8,8,7,7,6,6,5,5,4,4,3,2,2,1,1,0,0,-1,-1,-2,-2,-3,-3,-3,-4,-4,-4,-4,-4,-5,-5,-5,-5,-5,-5,-5,-5,-5,-5,-4,-4,-4,-4,-4,-4,-3,-3,-3,-3,-2,-2,-2,-2,-1,-1,-1,0,0,0,0,1,1,1,1,1,2,2,2,2,3,3,3,3,4,4,4,4,5,5,5,5,6,6,6,6,6,6,6,6,5,5,4,4,3,2,1,0,-1,-2,-3,-4,-6,-7,-8,-9,-10,-11,-12,-12,-13,-13,-13,-13,-13,-13,-12,-12,-11,-11,-10,-9,-8,-8,-7,-7,-6,-6,-5,-5,-5,-5,-5,-5,-5,-5,-5,-4,-4,-3,-2,-1,0,2,4,7,10,13,17,21,25,29,33,38,42,46,50,53,56,59,60,61,61,61,59,56,52,48,42,35,28,20,11,2,-7,-17,-27,-36,-46,-54,-63,-70,-77,-83,-87,-91,-93,-94,-94,-92,-90,-86,-81,-75,-68,-60,-52,-44,-35,-26,-17,-8,1,9,17,24,30,36,41,45,48,50,52,52,52,52,51,49,47,44,41,39,35,32,29,26,23,20,18,15,13,11,10,8,7,6,5,4,3,2,2,1,0,0,-1,-2,-2,-3,-4,-5,-6,-7,-8,-9,-10,-11,-11,-12,-13,-14,-14,-15,-15,-15,-15,-15,-15,-15,-15,-14,-14,-13,-12,-11,-10,-10,-9,-7,-6,-5,-4,-3,-2,-1,0,1,3,4,5,6,6,7,8,9,9,10,10,11,11,11,11,11,11,11,10,10,10,9,9,8,7,7,6,5,5,4,3,2,2,1,0,0,-1,-1,-2,-2,-3,-3,-4,-4,-5,-5,-6,-6,-7,-7,-8,-8,-8,-9,-9,-9,-10,-10,-10,-10,-10,-10,-10,-10,-10,-9,-9,-9,-8,-7,-7,-6,-5,-4,-3,-2,-1,0,1,2,3,5,6,7,8,8,9,10,11,11,12,12,12,13,13,13,12,12,12,11,11,10,10,9,8,7,7,6,5,4,3,2,1,1,0,-1,-2,-2,-3,-4,-4,-5,-5,-6,-6,-7,-7,-7,-8,-8,-8,-9,-9,-9,-9,-9,-9,-10,-10,-10,-10,-9,-9,-9,-9,-9,-8,-8,-7,-7,-6,-6,-5,-4,-3,-2,-2,-1,0,1,2,3,4,5,6,7,8,8,9,10,11,11,12,12,12,13,13,13,13,13,13,12,12,12,11,11,10,9,8,7,7,6,5,4,2,1,0,-1,-2,-3,-4,-5,-6,-7,-8,-9,-10,-11,-11,-12,-12,-13,-13,-13,-13,-13,-13,-13,-13,-12,-12,-11,-11,-10,-9,-9,-8,-7,-6,-5,-5,-4,-3,-2,-1,0,1,2,3,3,4,5,6,6,7,8,8,9,9,10,10,10,11,11,11,11,11,11,11,11,10,10,10,9,9,8,7,7,6,5,5,4,3,2,1,0,0,-1,-2,-3,-4,-4,-5,-6,-7,-7,-8,-8,-9,-9,-10,-10,-10,-10,-10,-10,-10,-10,-10,-10,-9,-9,-9,-8,-8,-7,-6,-5,-5,-4,-3,-2,-1,0,1,2,3,4,5,6,7,8,8,9,10,10,11,11,11,11,11,11,11,11,11,10,10,9,8,7,7,6,5,4,3,2,1,-1,-1,-2,-3,-4,-5,-5,-6,-6,-7,-7,-7,-7,-8,-8,-7,-7,-7,-7,-7,-7,-7,-6,-6,-6,-6,-6,-6,-7,-7,-7,-7,-7,-7,-8,-8,-8,-8,-8,-7,-7,-7,-6,-5,-4,-4,-3,-2,0,1,2,3,4,5,6,6,7,7,7,7,7,7,6,5,4,3,2,1,0,-1,-2,-2,-2,-2,-2,-1,0,2,4,6,9,12,16,20,24,28,32,36,40,43,46,48,50,51,51,51,49,46,43,38,33,27,20,12,4,-5,-14,-23,-32,-41,-49,-58,-65,-72,-77,-82,-86,-88,-89,-89,-88,-85,-81,-76,-70,-63,-56,-47,-38,-29,-20,-11,-2,7,16,23,31,37,43,47,51,54,56,57,57,56,55,53,50,47,43,39,35,31,27,23,19,15,11,8,5,2,0,-2,-4,-6,-7,-8,-8,-9,-9,-9,-10,-10,-10,-10,-9,-9,-9,-9,-9,-9,-8,-8,-8,-7,-7,-6,-5,-5,-4,-3,-2,-1,0,1,2,3,4,5,6,6,7,7,7,8,7,7,7,6,6,5,4,3,2,0,-1,-2,-3,-4,-5,-6,-7,-8,-8,-8,-9,-9,-9,-8,-8,-8,-7,-7,-6,-5,-5,-4,-3,-3,-2,-2,-1,-1,-1,-1,-1,-1,-1,-1,-1,-1,-1,-2,-2,-2,-2,-2,-2,-2,-2,-1,-1,0,0,1,2,3,4,5,6,7,8,8,9,10,11,11,11,12,12,12,11,11,10,10,9,8,7,6,5,4,3,1,0,-1,-2,-3,-4,-5,-6,-7,-8,-8,-9,-9,-9,-10,-10,-10,-10,-10,-10,-10,-10,-10,-9,-9,-9,-9,-9,-8,-8,-8,-8,-7,-7,-6,-6,-5,-5,-4,-3,-3,-2,-1,0,1,2,3,4,5,6,7,8,9,10,11,12,13,13,14,14,15,15,15,15,15,15,14,14,13,12,11,10,9,8,7,5,4,3,1,0,-1,-3,-4,-5,-6,-7,-8,-9,-10,-11,-11,-11,-11,-12,-11,-11,-11,-11,-10,-10,-9,-9,-8,-8,-7,-7,-7,-6,-6,-6,-6,-6,-6,-6,-6,-7,-7,-7,-7,-7,-7,-7,-7,-7,-7,-6,-6,-5,-4,-3,-2,-1,1,2,3,5,6,7,8,9,9,10,10,10,9,9,8,8,7,6,5,4,3,2,2,1,1,1,2,3,4,6,8,11,14,17,20,24,27,31,34,37,40,43,44,45,46,46,44,42,39,35,31,25,19,12,4,-4,-13,-21,-30,-39,-47,-55,-62,-68,-74,-78,-82,-84,-86,-86,-84,-82,-78,-73,-67,-61,-53,-45,-36,-28,-18,-9,0,8,16,24,31,37,42,47,50,53,54,55,55,54,52,50,47,43,39,35,31,27,23,19,15,11,8,5,3,1,-1,-3,-4,-4,-5,-5,-5,-5,-4,-4,-3,-3,-2,-2,-1,-1,-1,-1,-1,-1,-1,-1,-2,-2,-3,-3,-3,-4,-4,-5,-5,-5,-5,-5,-5,-5,-5,-5,-5,-5,-4,-4,-4,-4,-4,-4,-4,-4,-4,-4,-4,-5,-5,-5,-5,-5,-6,-6,-6,-6,-6,-6,-6,-5,-5,-4,-4,-3,-3,-2,-1,-1,0,1,2,2,3,4,5,5,6,6,6,7,7,7,7,7,7,7,6,6,6,6,5,5,4,4,4,3,3,3,2,2,2,1,1,1,1,1,0,0,0,0,0,0,0,0,0,0,0,0,0,0,0,0,0,-1,-1,-1,-1,-1,-2,-2,-2,-3,-3,-4,-4,-4,-5,-5,-5,-6,-6,-6,-6,-6,-6,-6,-6,-6,-5,-5,-4,-4,-3,-2,-1,0,1,1,2,3,4,5,5,6,6,6,6,6,6,5,5,4,4,3,2,1,0,-1,-2,-3,-4,-5,-6,-7,-7,-7,-8,-8,-8,-7,-7,-7,-6,-6,-5,-4,-4,-3,-3,-3,-3,-3,-3,-3,-3,-4,-4,-5,-6,-6,-7,-7,-7,-7,-7,-7,-6,-4,-3,-1,2,5,9,13,17,21,26,31,36,41,45,50,53,57,60,62,63,63,62,60,57,53,48,42,35,28,19,10,0,-10,-21,-31,-41,-51,-61,-69,-77,-84,-90,-94,-98,-100,-100,-99,-97,-94,-89,-83,-76,-68,-59,-50,-40,-30,-20,-10,0,10,19,27,35,42,48,53,57,60,62,63,63,62,60,58,55,52,48,44,40,36,31,27,23,19,15,12,9,6,4,2,0,-1,-3,-3,-4,-5,-5,-5,-6,-6,-6,-6,-6,-6,-7,-7,-7,-8,-8,-9,-9,-10,-10,-11,-11,-12,-12,-12,-13,-13,-13,-13,-12,-12,-12,-11,-11,-10,-10,-9,-8,-7,-6,-5,-5,-4,-3,-2,-1,0,1,2,2,3,4,5,5,6,7,7,8,8,9,9,9,10,10,10,10,10,10,10,9,9,9,8,8,7,6,5,5,4,3,2,1,0,-1,-2,-3,-4,-5,-5,-6,-7,-7,-8,-8,-9,-9,-9,-9,-9,-9,-9,-9,-9,-9,-8,-8,-7,-7,-6,-6,-5,-5,-4,-3,-3,-2,-1,-1,0,1,1,2,2,3,3,4,4,5,5,5,6,6,6,6,7,7,7,7,7,7,7,7,8,8,8,8,7,7,7,7,7,7,6,6,6,5,4,4,3,2,2,1,0,-1,-2,-3,-4,-5,-6,-7,-8,-8,-9,-9,-10,-10,-10,-10,-10,-10,-10,-9,-9,-8,-7,-6,-6,-5,-4,-3,-3,-2,-1,-1,-1,0,0,0,0,0,-1,-1,-1,-2,-2,-3,-3,-3,-3,-4,-4,-4,-4,-3,-3,-3,-2,-2,-1,-1,0,0,0,1,1,1,1,1,1,0,0,-1,-1,-2,-2,-3,-3,-3,-3,-2,-2,0,1,3,5,8,11,14,18,22,26,30,34,38,42,45,48,50,52,53,53,53,51,49,45,41,35,29,22,15,6,-2,-11,-21,-30,-39,-47,-56,-63,-70,-76,-80,-84,-86,-87,-87,-86,-83,-80,-75,-69,-62,-55,-46,-38,-29,-20,-11,-2,6,15,22,29,35,40,44,47,50,51,52,51,50,48,46,43,40,36,32,28,24,21,17,13,10,7,4,2,0,-1,-2,-3,-4,-4,-4,-4,-3,-3,-2,-2,-1,-1,0,0,0,0,0,0,0,0,0,-1,-1,-1,-2,-2,-2,-3,-3,-3,-3,-3,-3,-3,-3,-2,-2,-2,-1,-1,-1,-1,0,0,0,0,0,-1,-1,-1,-2,-2,-3,-3,-4,-4,-5,-6,-6,-6,-7,-7,-7,-8,-8,-8,-7,-7,-7,-6,-6,-5,-4,-4,-3,-2,-1,0,0,1,2,3,3,4,5,5,6,6,6,6,7,7,7,6,6,6,6,6,5,5,4,4,4,3,3,2,2,1,1,1,0,0,0,0,0,-1,-1,-1,-1,-1,-1,-1,-1,-1,-1,-1,0,0,0,0,0,0,0,0,0,0,0,0,-1,-1,-1,-1,-1,-2,-2,-2,-3,-3,-3,-4,-4,-4,-5,-5,-5,-5,-5,-6,-6,-6,-5,-5,-5,-5,-4,-4,-3,-3,-2,-2,-1,0,1,1,2,3,4,4,5,6,6,7,7,8,8,8,8,8,8,8,8,7,7,6,6,5,4,4,3,2,2,1,0,-1,-1,-2,-2,-3,-3,-3,-3,-4,-4,-4,-4,-4,-4,-3,-3,-3,-3,-3,-3,-3,-3,-2,-2,-2,-3,-3,-3,-3,-3,-3,-4,-4,-4,-4,-4,-5,-5,-5,-5,-5,-4,-4,-4,-3,-3,-2,-2,-1,-1,0,1,2,2,3,4,4,5,6,6,6,7,7,7,7,7,7,7,7,6,6,6,5,5,4,4,3,3,2,2,1,1,0,0,0,0,-1,-1,-1,-1,-1,-1,-1,-1,-1,-1,0,0,0,0,0,0,0,0,-1,-1,-1,-1,-1,-2,-2,-2,-3,-3,-3,-4,-4,-4,-5,-5,-5,-6,-6,-6,-6,-6,-6,-6,-6,-6,-6,-6,-5,-5,-5,-4,-4,-4,-3,-3,-2,-1,-1,0,0,1,1,2,3,3,4,4,5,5,6,6,6,7,7,8,8,8,8,9,9,9,9,9,9,9,9,8,8,8,7,7,6,5,5,4,3,2,1,0,-1,-2,-3,-4,-4,-5,-6,-7,-7,-8,-8,-8,-8,-8,-8,-8,-7,-7,-6,-6,-5,-4,-3,-3,-2,-1,-1,0,0,1,1,1,0,0,0,-1,-2,-3,-4,-5,-6,-7,-8,-9,-9,-10,-11,-11,-11,-11,-11,-11,-10,-9,-8,-7,-6,-5,-3,-2,0,1,2,4,5,5,6,6,7,7,6,6,5,5,4,3,2,1,1,0,0,1,1,2,3,5,7,10,13,17,20,24,28,32,36,40,44,47,50,52,54,54,54,53,51,48,44,39,33,26,18,10,1,-8,-17,-27,-36,-46,-54,-63,-70,-77,-83,-87,-91,-93,-94,-93,-92,-89,-85,-79,-73,-66,-58,-50,-41,-31,-22,-13,-4,5,14,22,29,35,41,45,49,52,54,55,56,55,54,52,50,47,44,41,38,34,31,27,24,21,18,15,13,11,9,7,6,5,4,3,2,2,1,1,0,0,0,-1,-2,-2,-3,-4,-5,-5,-6,-7,-8,-9,-9,-10,-11,-11,-12,-12,-12,-12,-12,-12,-12,-12,-11,-11,-10,-10,-9,-9,-8,-8,-7,-7,-6,-6,-6,-5,-5,-5,-5,-4,-4,-4,-3,-3,-3,-2,-2,-1,-1,0,1,1,2,3,4,4,5,6,6,7,7,8,8,8,8,8,8,8,8,8,8,8,7,7,6,6,6,5,5,4,4,3,3,3,2,2,2,1,1,0,0,-1,-1,-2,-2,-3,-3,-4,-4,-5,-6,-6,-7,-7,-8,-8,-9,-9,-9,-10,-10,-10,-9,-9,-9,-8,-7,-7,-6,-5,-4,-3,-2,-1,0,1,2,3,4,5,6,7,7,8,8,8,8,8,8,8,8,8,7,7,6,6,5,5,4,4,3,3,2,2,1,1,1,0,0,-1,-1,-1,-1,-2,-2,-2,-3,-3,-3,-4,-4,-4,-5,-5,-5,-6,-6,-6,-6,-6,-7,-7,-7,-6,-6,-6,-6,-6,-5,-5,-4,-4,-3,-2,-2,-1,0,0,1,2,3,3,4,5,5,6,6,7,7,8,8,8,9,9,9,9,9,8,8,8,8,7,7,6,6,5,4,4,3,2,1,1,0,-1,-2,-3,-3,-4,-4,-5,-6,-6,-6,-7,-7,-7,-7,-7,-7,-7,-7,-7,-7,-6,-6,-5,-5,-4,-4,-3,-2,-2,-1,0,0,1,2,2,3,3,4,4,4,4,4,4,4,4,3,3,2,2,1,0,-1,-1,-2,-3,-4,-5,-6,-6,-7,-7,-8,-8,-8,-8,-8,-8,-7,-7,-7,-6,-6,-5,-5,-5,-4,-4,-4,-4,-4,-4,-4,-4,-5,-5,-5,-5,-6,-6,-5,-5,-4,-3,-1,0,3,5,8,12,15,19,23,28,32,37,41,45,49,52,55,58,59,60,60,59,56,53,49,44,38,31,24,15,7,-3,-12,-22,-32,-41,-50,-59,-67,-74,-80,-85,-88,-91,-92,-93,-91,-89,-85,-80,-75,-68,-60,-52,-44,-35,-26,-17,-8,1,9,17,24,30,36,41,45,48,50,51,52,51,50,49,47,45,42,39,36,32,29,26,23,20,17,15,13,10,9,7,6,5,4,3,2,2,1,1,0,0,-1,-1,-2,-3,-3,-4,-5,-5,-6,-7,-7,-8,-8,-9,-9,-9,-10,-10,-10,-9,-9,-9,-8,-8,-7,-7,-6,-6,-6,-5,-5,-4,-4,-4,-3,-3,-3,-3,-3,-3,-3,-3,-3,-3,-3,-2,-2,-2,-2,-1,-1,0,0,1,1,2,2,3,4,4,5,5,5,6,6,6,6,6,6,6,6,5,5,5,4,4,3,3,2,2,1,1,0,0,-1,-1,-2,-2,-2,-2,-3,-3,-3,-3,-3,-3,-3,-3,-4,-4,-4,-4,-4,-4,-4,-4,-3,-3,-3,-3,-3,-3,-3,-3,-2,-2,-2,-2,-2,-1,-1,-1,0,0,0,1,1,1,2,2,2,3,3,3,3,3,4,4,4,4,4,4,4,4,4,4,3,3,3,3,3,2,2,2,1,1,1,1,0,0,0,0,0,0,-1,-1,-1,-1,-1,-1,-1,-1,-1,-1,-1,-1,-1,-1,-1,-1,-1,-1,-1,-2,-2,-2,-2,-2,-2,-3,-3,-3,-3,-3,-3,-4,-4,-4,-4,-3,-3,-3,-3,-3,-2,-2,-2,-2,-1,-1,0,0,0,1,1,1,2,2,2,3,3,3,3,3,3,3,3,3,3,3,3,3,3,2,2,2,2,2,2,2,2,2,1,1,1,1,1,1,1,1,2,2,2,2,2,2,2,2,2,2,1,1,1,1,1,1,1,0,0,0,-1,-1,-1,-2,-2,-3,-3,-3,-4,-4,-5,-5,-5,-6,-6,-6,-6,-6,-6,-6,-6,-6,-6,-5,-5,-4,-4,-3,-3,-2,-1,0,0,1,2,3,3,4,5,5,6,6,7,7,8,8,8,8,8,8,8,8,7,7,7,7,6,6,5,5,5,4,4,3,2,2,1,0,0,-1,-2,-3,-4,-5,-6,-7,-8,-9,-10,-11,-12,-13,-14,-15,-15,-16,-16,-16,-16,-15,-15,-14,-13,-12,-11,-10,-9,-8,-6,-5,-4,-3,-1,-1,0,1,1,2,2,2,2,2,2,2,2,2,2,2,3,4,5,7,9,12,14,18,21,25,29,33,37,41,45,49,52,55,57,59,60,60,59,57,54,50,45,39,32,24,15,6,-4,-14,-24,-34,-44,-54,-63,-72,-80,-86,-92,-96,-99,-101,-101,-100,-97,-94,-88,-82,-75,-66,-57,-47,-37,-27,-16,-6,4,13,22,31,38,45,50,55,58,61,62,63,62,61,59,56,53,49,45,41,36,32,27,23,19,15,12,9,6,4,2,0,-1,-2,-3,-3,-4,-4,-4,-4,-4,-4,-4,-4,-5,-5,-5,-6,-6,-7,-7,-8,-8,-9,-9,-10,-10,-10,-10,-10,-10,-10,-10,-9,-9,-8,-7,-7,-6,-5,-4,-4,-3,-2,-2,-1,-1,0,0,0,0,0,0,0,0,0,0,0,0,1,1,1,1,2,2,2,3,3,4,4,5,5,5,5,6,6,5,5,5,4,4,3,2,1,0,-1,-2,-3,-4,-5,-6,-7,-8,-8,-9,-9,-9,-9,-9,-9,-8,-7,-6,-6,-4,-3,-2,-1,1,2,3,4,5,6,7,8,8,9,9,9,9,9,8,8,7,7,6,5,4,4,3,2,1,1,0,-1,-1,-1,-2,-2,-2,-2,-2,-2,-2,-2,-1,-1,-1,-1,-1,0,0,0,0,0,0,-1,-1,-1,-1,-1,-2,-2,-2,-3,-3,-3,-3,-4,-4,-4,-4,-4,-4,-4,-5,-5,-5,-5,-5,-5,-5,-5,-5,-5,-5,-5,-5,-5,-5,-5,-4,-4,-4,-3,-3,-2,-1,-1,0,1,2,2,3,3,4,4,4,4,4,3,3,2,1,1,0,-1,-3,-3,-4,-5,-6,-6,-6,-5,-5,-3,-2,0,3,6,9,12,16,21,25,29,33,38,42,45,48,50,52,53,53,53,51,48,45,40,34,28,21,13,5,-4,-13,-23,-32,-41,-49,-57,-65,-71,-77,-82,-85,-87,-88,-88,-86,-83,-80,-74,-68,-61,-54,-46,-37,-28,-19,-10,-1,8,16,24,31,37,42,46,50,52,54,55,54,54,52,50,47,44,40,36,32,28,24,20,17,13,10,7,4,2,0,-2,-3,-5,-5,-6,-6,-7,-7,-7,-6,-6,-6,-6,-5,-5,-5,-5,-4,-4,-4,-4,-4,-3,-3,-3,-3,-3,-2,-2,-2,-2,-1,-1,-1,-1,0,0,0,0,0,0,0,0,0,-1,-1,-2,-2,-2,-3,-3,-4,-4,-5,-5,-5,-6,-6,-6,-6,-6,-6,-5,-5,-5,-4,-4,-3,-3,-2,-1,-1,0,0,1,1,2,2,3,3,3,3,3,4,4,4,4,4,4,4,3,3,3,3,3,3,3,3,3,3,3,2,2,2,2,2,2,2,2,2,2,1,1,1,1,1,0,0,0,0,-1,-1,-1,-2,-2,-2,-3,-3,-3,-4,-4,-4,-4,-5,-5,-5,-5,-5,-5,-5,-5,-5,-4,-4,-4,-3,-3,-2,-2,-1,-1,0,0,1,2,2,2,3,3,3,4,4,4,4,4,4,3,3,3,3,2,2,2,1,1,1,0,0,0,0,0,0,0,0,1,1,1,1,2,2,2,3,3,3,4,4,4,4,4,4,4,3,3,3,2,2,1,1,0,-1,-1,-2,-2,-3,-3,-4,-4,-5,-5,-5,-5,-5,-5,-5,-5,-5,-5,-5,-4,-4,-4,-3,-3,-3,-2,-2,-2,-1,-1,0,0,0,1,1,1,1,2,2,2,2,3,3,3,3,3,3,3,2,2,2,2,1,1,1,0,0,-1,-1,-2,-2,-2,-3,-3,-3,-3,-3,-3,-3,-3,-3,-3,-3,-2,-2,-2,-2,-2,-2,-2,-3,-3,-4,-4,-5,-6,-7,-8,-9,-9,-10,-11,-12,-12,-12,-12,-11,-10,-9,-7,-5,-2,1,5,9,13,18,22,27,32,37,42,46,50,54,57,59,61,61,61,60,57,54,49,44,38,31,23,14,5,-4,-14,-24,-33,-43,-52,-60,-68,-74,-80,-84,-88,-90,-91,-91,-89,-86,-82,-77,-71,-64,-56,-48,-39,-31,-21,-12,-4,5,13,20,27,33,38,43,46,49,50,51,51,50,49,47,45,42,38,35,31,28,24,21,18,15,12,10,8,6,4,3,3,2,2,2,2,2,3,3,4,4,4,4,5,4,4,4,4,3,2,1,0,-1,-2,-3,-4,-5,-7,-8,-9,-10,-11,-11,-12,-13,-13,-13,-14,-14,-14,-14,-13,-13,-13,-12,-12,-11,-11,-10,-10,-9,-8,-7,-7,-6,-5,-4,-3,-3,-2,-1,0,1,2,3,3,4,5,6,7,7,8,9,9,10,10,10,11,11,11,11,11,11,10,10,10,9,8,8,7,6,5,4,3,2,2,1,0,-1,-2,-3,-4,-4,-5,-6,-6,-7,-7,-8,-8,-8,-8,-8,-8,-8,-8,-8,-8,-7,-7,-7,-6,-6,-6,-5,-5,-5,-4,-4,-4,-3,-3,-3,-2,-2,-2,-1,-1,-1,0,0,1,1,2,2,3,4,4,5,6,6,7,8,8,9,9,10,10,11,11,11,11,11,11,10,10,10,9,8,7,6,5,4,3,2,1,0,-2,-3,-4,-5,-6,-7,-8,-8,-9,-9,-10,-10,-10,-10,-10,-9,-9,-9,-8,-8,-7,-6,-6,-5,-4,-3,-3,-2,-2,-1,-1,0,0,1,1,1,1,1,2,2,2,2,2,2,2,3,3,3,3,3,3,3,3,3,3,3,3,3,3,2,2,1,1,0,0,-1,-1,-2,-3,-3,-4,-4,-5,-5,-6,-6,-6,-6,-6,-6,-6,-6,-6,-6,-6,-6,-6,-6,-6,-6,-6,-7,-7,-7,-7,-7,-7,-7,-7,-7,-6,-5,-4,-3,-1,1,4,6,10,13,17,20,24,29,33,37,41,44,47,50,53,54,55,55,55,53,50,47,43,37,31,24,17,9,0,-8,-18,-27,-36,-44,-52,-60,-67,-73,-78,-82,-85,-87,-87,-86,-84,-81,-77,-71,-65,-58,-50,-42,-33,-25,-16,-7,2,10,18,25,32,38,42,46,50,52,53,53,53,52,50,48,45,42,38,34,30,26,22,19,15,12,9,6,4,2,0,-1,-2,-3,-4,-4,-4,-4,-4,-4,-4,-4,-3,-3,-4,-4,-4,-4,-5,-5,-6,-6,-7,-8,-8,-9,-9,-10,-10,-10,-10,-10,-10,-10,-9,-8,-8,-7,-6,-5,-4,-3,-2,-1,0,1,2,3,4,4,5,5,5,6,6,6,6,5,5,5,4,4,4,3,3,2,2,2,1,1,1,1,0,0,0,0,0,0,0,0,0,-1,-1,-1,-1,-1,-1,-1,-1,-1,-1,-1,-1,-1,-1,-1,-1,-1,-2,-2,-2,-2,-2,-2,-2,-2,-2,-2,-2,-2,-2,-2,-2,-2,-2,-2,-2,-2,-2,-2,-2,-1,-1,-1,-1,-1,-1,-1,0,0,0,0,0,1,1,1,1,2,2,2,2,2,2,2,2,2,2,2,2,2,2,2,2,2,2,1,1,1,1,1,0,0,0,0,0,0,0,0,0,0,0,0,1,1,1,1,1,2,2,2,2,2,2,2,2,1,1,1,0,0,-1,-1,-2,-3,-3,-4,-5,-5,-6,-6,-7,-7,-7,-7,-7,-7,-7,-7,-7,-7,-6,-6,-6,-5,-5,-5,-5,-5,-5,-5,-5,-5,-6,-6,-6,-7,-7,-7,-7,-7,-7,-7,-6,-5,-4,-2,0,3,6,9,12,16,20,25,29,34,38,42,46,50,53,56,57,58,59,58,57,54,50,46,41,34,27,19,11,2,-8,-17,-27,-36,-45,-54,-62,-69,-76,-81,-86,-89,-91,-92,-91,-89,-86,-82,-76,-70,-63,-55,-46,-37,-28,-18,-9,0,9,17,25,32,38,43,48,51,54,55,56,56,55,54,51,49,46,42,38,34,30,26,22,19,15,12,9,6,4,2,0,-2,-3,-4,-4,-5,-5,-5,-5,-5,-5,-5,-5,-5,-5,-5,-5,-5,-5,-5,-5,-6,-6,-6,-7,-7,-7,-7,-8,-8,-8,-8,-8,-8,-8,-8,-7,-7,-7,-7,-7,-6,-6,-6,-6,-5,-5,-5,-5,-4,-4,-3,-3,-2,-2,-1,0,1,1,2,3,4,5,6,7,8,9,9,10,11,11,11,12,12,11,11,11,10,9,8,7,6,5,4,2,1,-1,-2,-4,-5,-6,-7,-8,-9,-10,-11,-11,-12,-12,-12,-12,-11,-11,-10,-10,-9,-8,-7,-6,-5,-3,-2,-1,0,1,2,3,4,5,6,6,7,7,7,7,7,7,7,7,7,6,6,5,4,4,3,2,1,1,0,-1,-2,-2,-3,-3,-4,-4,-5,-5,-5,-5,-5,-5,-5,-5,-4,-4,-4,-3,-3,-2,-1,-1,0,1,1,2,3,3,4,4,5,5,5,6,6,6,6,6,6,5,5,5,5,4,4,3,3,2,2,2,1,1,0,0,-1,-1,-1,-2,-2,-2,-2,-2,-3,-3,-3,-3,-3,-3,-3,-4,-4,-4,-4,-4,-4,-4,-5,-5,-5,-5,-5,-5,-5,-5,-5,-5,-5,-5,-5,-5,-5,-4,-4,-4,-3,-2,-2,-1,-1,0,1,2,3,3,4,5,6,7,7,8,8,9,9,10,10,10,10,10,10,10,9,9,8,8,7,6,6,5,4,3,3,2,1,1,0,0,-1,-1,-2,-2,-2,-2,-2,-2,-2,-3,-3,-3,-3,-3,-3,-4,-4,-5,-5,-6,-7,-7,-8,-9,-10,-11,-12,-13,-13,-14,-15,-15,-15,-15,-15,-15,-15,-14,-13,-12,-11,-10,-9,-8,-6,-5,-4,-3,-2,-1,0,1,2,2,2,2,3,3,3,3,3,3,3,4,5,6,7,9,11,14,17,20,23,27,31,35,39,43,47,51,54,57,59,61,61,61,60,58,55,51,46,40,33,25,16,7,-3,-13,-23,-34,-44,-54,-63,-72,-79,-86,-92,-97,-100,-102,-102,-102,-99,-96,-91,-85,-78,-70,-61,-52,-42,-32,-22,-12,-2,8,17,25,32,39,45,50,54,56,58,59,59,59,57,55,52,49,46,42,38,35,31,27,24,20,17,15,12,10,9,7,6,5,5,4,4,4,3,3,3,3,2,2,1,0,-1,-2,-3,-4,-5,-7,-8,-10,-11,-13,-14,-15,-16,-17,-18,-18,-19,-19,-19,-19,-18,-17,-17,-16,-15,-14,-13,-11,-10,-9,-7,-6,-5,-4,-3,-2,-1,0,1,2,3,3,4,4,5,5,6,6,7,7,7,8,8,8,9,9,9,10,10,10,10,10,10,10,10,10,10,10,9,9,8,8,7,6,5,4,3,2,1,0,-1,-2,-4,-5,-6,-7,-8,-9,-10,-10,-11,-11,-12,-12,-12,-12,-12,-12,-12,-12,-11,-11,-10,-9,-8,-7,-6,-5,-4,-3,-2,-1,1,2,3,4,5,6,7,7,8,9,9,9,10,10,10,10,10,9,9,8,8,7,6,6,5,4,3,2,1,0,-1,-1,-2,-3,-4,-4,-5,-5,-6,-6,-6,-6,-6,-6,-6,-6,-6,-5,-5,-5,-4,-4,-3,-3,-2,-2,-2,-1,-1,0,0,1,1,1,2,2,2,2,3,3,3,4,4,4,4,4,4,4,5,5,5,5,4,4,4,4,4,4,3,3,3,2,2,1,1,0,0,0,-1,-1,-1,-2,-2,-2,-2,-3,-3,-3,-3,-3,-3,-3,-3,-3,-2,-2,-2,-2,-2,-2,-2,-1,-1,-1,-1,-1,-1,0,0,0,0,0,0,1,1,1,1,1,1,1,1,1,1,0,0,0,-1,-1,-2,-3,-3,-4,-5,-5,-6,-7,-7,-8,-8,-9,-9,-9,-9,-9,-9,-8,-8,-7,-7,-6,-5,-4,-4,-3,-2,-2,-1,-1,-1,0,0,-1,-1,-1,-1,-2,-2,-2,-3,-3,-2,-2,-1,0,1,3,5,8,11,14,18,22,26,31,35,39,44,47,51,54,57,58,59,60,59,57,54,51,46,40,34,26,18,9,0,-10,-20,-30,-39,-49,-58,-66,-74,-80,-86,-91,-94,-96,-96,-96,-94,-90,-86,-80,-74,-66,-58,-49,-40,-31,-21,-12,-3,6,15,22,29,36,41,46,49,52,54,55,55,54,53,51,49,46,43,40,36,33,29,26,23,20,17,14,12,10,8,7,6,5,4,3,2,2,1,1,1,0,0,-1,-2,-2,-3,-4,-4,-5,-6,-7,-7,-8,-9,-9,-10,-10,-11,-11,-11,-11,-12,-12,-11,-11,-11,-11,-11,-10,-10,-10,-10,-9,-9,-9,-9,-8,-8,-8,-7,-7,-6,-6,-5,-4,-4,-3,-2,-1,0,1,2,4,5,6,7,8,9,10,11,11,12,12,12,12,12,12,12,11,11,10,9,8,7,6,5,4,4,3,2,1,0,0,-1,-1,-2,-2,-2,-2,-2,-2,-2,-2,-2,-2,-2,-3,-3,-3,-3,-4,-4,-4,-5,-5,-6,-7,-7,-8,-8,-9,-9,-9,-10,-10,-10,-10,-10,-9,-9,-8,-7,-7,-6,-4,-3,-2,-1,0,2,3,4,5,6,7,8,9,9,10,10,11,11,11,11,10,10,10,9,9,8,7,7,6,5,5,4,3,3,2,2,1,1,0,0,-1,-1,-2,-2,-3,-4,-4,-5,-6,-6,-7,-8,-8,-9,-10,-11,-11,-12,-12,-13,-13,-13,-13,-13,-12,-12,-11,-10,-9,-8,-7,-6,-4,-3,-2,-1,1,2,3,3,4,4,5,5,4,4,4,3,2,1,1,0,0,-1,-1,-1,0,1,2,4,6,8,11,14,18,22,26,30,34,39,43,46,49,52,54,56,56,56,54,52,49,44,39,32,25,17,8,-1,-10,-20,-30,-40,-50,-59,-68,-76,-82,-88,-93,-96,-98,-99,-98,-96,-92,-87,-81,-74,-66,-57,-47,-37,-27,-16,-6,4,14,23,32,39,46,52,57,60,63,65,65,65,64,61,59,55,51,47,42,38,33,28,24,20,16,12,9,6,3,1,-1,-2,-3,-4,-4,-4,-5,-5,-5,-5,-5,-5,-5,-5,-5,-6,-7,-7,-8,-9,-10,-11,-12,-13,-14,-15,-15,-16,-16,-16,-16,-16,-16,-15,-15,-14,-13,-12,-11,-10,-9,-7,-6,-5,-4,-3,-2,-1,0,1,1,2,3,3,4,4,4,5,5,6,6,7,7,8,8,9,10,10,11,11,12,12,13,13,13,14,13,13,13,12,12,11,10,9,7,6,5,3,1,0,-2,-4,-5,-7,-8,-10,-11,-12,-13,-13,-14,-14,-15,-15,-14,-14,-14,-13,-13,-12,-11,-10,-9,-8,-7,-6,-6,-5,-4,-3,-2,-2,-1,0,0,1,1,2,2,2,3,3,4,4,5,5,6,6,6,7,7,8,8,9,9,9,9,9,9,9,9,9,8,8,7,6,5,5,4,3,2,0,-1,-2,-3,-3,-4,-5,-5,-6,-6,-6,-6,-6,-6,-6,-5,-5,-4,-3,-2,-1,-1,0,1,2,3,3,4,4,4,4,4,4,4,3,2,2,1,0,-1,-2,-3,-4,-5,-6,-7,-8,-8,-9,-9,-9,-9,-9,-9,-9,-8,-7,-6,-6,-5,-3,-2,-1,0,1,2,3,4,5,5,6,6,7,7,7,7,7,7,7,7,6,6,6,6,5,5,5,4,4,4,4,4,4,4,3,3,3,3,3,3,3,2,2,2,1,1,0,0,-1,-2,-3,-3,-4,-5,-6,-6,-7,-7,-8,-8,-8,-9,-9,-8,-8,-8,-8,-7,-6,-6,-5,-4,-3,-3,-2,-1,0,1,1,2,3,3,3,4,4,4,4,5,5,4,4,4,4,4,4,4,4,4,3,3,3,3,3,3,3,3,3,3,3,3,3,3,3,3,3,2,2,2,2,1,1,0,0,0,-1,-1,-2,-2,-3,-3,-3,-4,-4,-4,-4,-5,-5,-5,-5,-5,-5,-5,-5,-4,-4,-4,-4,-3,-3,-2,-2,-2,-1,-1,0,1,1,2,2,3,3,3,4,4,4,4,4,4,4,4,4,3,2,2,1,0,-1,-2,-3,-3,-4,-5,-6,-7,-7,-8,-8,-9,-9,-9,-9,-9,-8,-8,-8,-7,-7,-6,-6,-6,-6,-6,-6,-6,-6,-6,-7,-7,-7,-8,-8,-9,-9,-9,-8,-8,-7,-5,-4,-1,1,4,8,12,17,21,26,31,37,42,47,52,57,61,64,67,68,69,69,68,66,62,58,52,45,37,28,19,9,-2,-13,-24,-35,-46,-56,-66,-75,-83,-89,-95,-99,-102,-104,-104,-103,-100,-96,-90,-84,-76,-67,-58,-49,-39,-28,-18,-8,2,11,19,27,34,40,45,49,53,55,56,56,56,54,52,50,47,43,40,36,33,29,25,22,19,16,14,12,10,9,8,7,6,6,6,6,6,6,6,6,6,6,6,5,5,4,3,2,1,-1,-2,-3,-5,-6,-8,-9,-10,-11,-12,-13,-14,-14,-15,-15,-15,-15,-15,-15,-15,-14,-14,-13,-13,-12,-12,-11,-10,-10,-9,-8,-8,-7,-6,-6,-5,-4,-4,-3,-2,-1,0,0,1,2,3,4,5,6,6,7,8,8,9,9,10,10,10,10,10,10,10,10,10,10,9,9,8,8,8,7,7,6,6,5,5,4,4,3,3,2,2,1,0,-1,-1,-2,-3,-4,-5,-6,-7,-8,-9,-10,-11,-11,-12,-13,-13,-14,-14,-14,-14,-14,-14,-13,-12,-12,-10,-9,-8,-6,-4,-3,-1,1,3,5,7,9,10,12,13,15,16,16,17,17,18,17,17,16,15,14,13,12,10,8,6,4,2,0,-2,-4,-6,-8,-9,-11,-12,-13,-14,-15,-15,-16,-16,-16,-16,-16,-15,-15,-14,-13,-13,-12,-12,-11,-11,-10,-10,-10,-10,-10,-10,-10,-10,-10,-10,-9,-9,-8,-8,-6,-5,-3,-1,2,5,8,12,16,20,25,30,35,39,44,49,53,57,60,63,65,67,67,67,65,63,59,55,50,43,36,28,20,10,1,-9,-19,-29,-39,-48,-57,-65,-72,-79,-84,-88,-92,-94,-94,-94,-92,-89,-85,-80,-74,-67,-60,-52,-43,-35,-26,-17,-9,-1,7,14,21,27,32,36,40,43,45,46,47,46,46,45,43,41,39,36,33,31,28,25,23,21,19,17,15,13,12,11,11,10,10,9,9,9,9,9,9,9,9,8,8,8,7,6,6,5,4,2,1,0,-1,-3,-4,-6,-7,-8,-10,-11,-12,-13,-14,-15,-16,-17,-18,-18,-19,-19,-19,-19,-19,-19,-18,-18,-17,-17,-16,-15,-14,-13,-12,-10,-9,-8,-6,-5,-3,-2,-1,1,2,4,5,6,7,8,9,10,11,12,12,13,13,13,14,14,14,14,14,13,13,13,12,12,11,11,10,10,9,8,7,7,6,5,4,3,2,1,0,-1,-2,-2,-3,-4,-5,-6,-7,-7,-8,-9,-9,-10,-10,-10,-10,-10,-10,-10,-10,-10,-9,-9,-8,-8,-7,-6,-6,-5,-4,-3,-2,-2,-1,0,1,1,2,2,3,3,3,3,3,3,3,3,2,2,1,1,1,0,0,-1,-1,-2,-2,-2,-2,-2,-2,-2,-2,-2,-1,-1,-1,-1,0,0,0,0,0,0,-1,-1,-2,-3,-4,-5,-6,-7,-8,-9,-10,-10,-11,-11,-11,-11,-10,-9,-7,-5,-2,1,4,8,13,17,22,27,32,37,41,46,50,53,56,58,60,60,60,58,55,52,47,42,35,28,20,11,2,-7,-17,-27,-36,-45,-54,-62,-69,-75,-80,-84,-87,-89,-89,-88,-86,-82,-78,-72,-66,-58,-50,-42,-33,-24,-16,-7,2,10,17,24,30,35,40,43,46,48,49,49,48,47,45,42,40,36,33,30,26,23,19,16,13,11,9,7,5,4,3,2,2,1,1,1,2,2,2,3,3,3,4,4,4,4,3,3,2,2,1,0,0,-1,-2,-3,-4,-4,-5,-6,-6,-7,-7,-8,-8,-8,-8,-9,-9,-9,-9,-9,-9,-9,-9,-9,-9,-9,-9,-9,-9,-9,-9,-8,-8,-8,-7,-7,-7,-6,-6,-5,-4,-3,-3,-2,-1,0,1,1,2,3,4,4,5,6,6,6,7,7,7,8,8,8,8,8,8,8,8,8,8,8,8,8,8,8,8,8,8,8,8,8,7,7,7,7,6,6,5,4,4,3,2,1,0,-1,-2,-3,-4,-5,-6,-7,-8,-9,-9,-10,-11,-11,-12,-12,-13,-13,-13,-13,-13,-13,-12,-12,-12,-11,-11,-10,-10,-9,-8,-7,-6,-5,-4,-3,-2,-1,0,1,3,4,5,6,7,9,10,10,11,12,13,13,13,13,13,13,12,12,11,10,8,7,6,4,3,1,0,-2,-3,-5,-6,-7,-8,-9,-9,-10,-10,-10,-10,-10,-9,-9,-9,-8,-8,-7,-7,-7,-6,-6,-6,-6,-7,-7,-7,-7,-8,-8,-8,-8,-8,-7,-7,-6,-4,-2,0,3,6,10,14,18,22,27,32,36,41,45,49,53,56,58,59,60,59,58,56,52,48,43,36,29,21,12,3,-7,-16,-26,-36,-46,-54,-63,-70,-77,-83,-87,-90,-92,-92,-92,-89,-86,-81,-76,-69,-62,-53,-44,-35,-26,-17,-7,2,10,18,26,32,38,43,47,50,52,53,53,52,51,49,46,43,40,36,33,29,25,22,18,15,13,10,8,6,5,4,4,3,3,3,3,4,4,5,5,5,5,5,5,4,4,3,2,1,0,-2,-3,-5,-7,-8,-10,-11,-12,-13,-14,-15,-16,-16,-17,-17,-16,-16,-16,-15,-14,-13,-12,-11,-10,-9,-8,-7,-6,-5,-4,-4,-3,-2,-1,-1,0,0,1,1,2,2,2,3,3,4,5,5,6,6,7,8,8,9,10,10,11,11,11,12,12,12,12,12,11,11,11,10,9,9,8,7,7,6,5,4,3,3,2,1,0,-1,-1,-2,-3,-4,-5,-6,-6,-7,-8,-9,-10,-12,-13,-14,-15,-16,-17,-18,-18,-19,-19,-20,-20,-20,-19,-19,-18,-17,-16,-15,-14,-12,-10,-9,-7,-5,-4,-2,-1,1,2,3,4,4,4,5,5,5,4,4,4,4,4,4,5,5,6,8,10,12,15,18,21,25,29,34,38,42,47,51,54,58,60,62,63,64,63,61,58,55,50,43,36,28,19,10,0,-11,-22,-33,-43,-54,-64,-73,-81,-88,-94,-99,-103,-104,-105,-104,-101,-97,-92,-86,-78,-69,-60,-50,-39,-29,-18,-7,3,13,22,30,38,44,50,54,58,60,61,61,61,59,57,54,50,46,42,37,33,28,24,20,16,12,9,6,4,2,1,0,-1,-1,-1,-1,0,0,1,1,1,2,2,2,2,2,2,1,0,-1,-2,-3,-4,-5,-7,-8,-9,-10,-11,-12,-12,-13,-13,-13,-13,-13,-13,-12,-11,-10,-10,-9,-7,-6,-5,-4,-3,-2,-1,0,0,1,2,2,2,3,3,3,3,3,3,3,3,3,3,3,2,2,2,2,2,2,2,2,2,2,2,2,1,1,1,1,1,1,0,0,0,0,-1,-1,-1,-1,-2,-2,-2,-2,-2,-2,-2,-2,-2,-2,-2,-1,-1,-1,0,0,1,1,1,2,2,2,3,3,3,3,3,3,3,3,3,2,2,2,1,1,1,0,0,0,-1,-1,-1,-1,-1,-1,-1,-1,-1,-1,0,0,0,0,1,1,1,2,2,2,2,2,2,2,2,2,2,2,2,2,2,2,1,1,1,1,0,0,0,-1,-1,-2,-2,-3,-3,-4,-5,-5,-6,-7,-7,-8,-9,-10,-10,-11,-11,-12,-12,-12,-12,-12,-12,-12,-11,-10,-9,-8,-7,-6,-4,-3,-2,0,1,2,3,4,5,5,6,6,6,6,5,5,4,3,3,2,1,1,1,1,1,2,3,5,7,10,12,16,19,23,27,32,36,40,44,48,51,54,56,57,57,57,55,53,49,45,39,32,25,16,7,-2,-12,-23,-33,-43,-53,-63,-72,-79,-86,-92,-97,-100,-102,-102,-101,-99,-95,-90,-83,-76,-67,-58,-48,-38,-27,-16,-6,5,15,24,33,41,47,53,58,62,65,66,67,66,65,63,60,57,53,49,45,40,36,31,27,22,18,15,11,8,6,4,2,0,-1,-3,-3,-4,-5,-6,-6,-7,-7,-8,-9,-10,-11,-12,-13,-14,-15,-16,-17,-18,-18,-19,-20,-20,-20,-20,-19,-19,-18,-17,-16,-15,-13,-11,-10,-8,-6,-5,-3,-1,0,2,3,5,6,7,7,8,8,9,9,9,9,9,9,9,9,9,9,9,9,9,10,10,10,10,10,10,10,10,10,10,10,10,9,9,8,7,6,5,3,2,1,-1,-2,-4,-6,-7,-9,-10,-12,-13,-14,-15,-16,-17,-17,-18,-18,-18,-17,-17,-16,-15,-14,-13,-12,-11,-9,-8,-6,-5,-3,-2,0,1,2,4,5,6,7,8,9,10,10,11,12,12,12,12,12,12,12,12,12,12,11,11,11,10,10,9,8,8,7,6,6,5,4,3,2,1,0,-1,-1,-2,-3,-4,-5,-6,-7,-7,-8,-9,-9,-10,-10,-11,-11,-11,-11,-12,-11,-11,-11,-11,-10,-10,-9,-9,-8,-7,-6,-5,-4,-3,-2,-1,0,1,2,2,3,4,5,6,6,7,7,8,8,8,9,9,9,9,8,8,8,7,7,7,6,6,5,5,4,4,4,3,3,3,2,2,2,2,2,1,1,1,1,1,1,1,1,1,1,1,1,0,0,0,-1,-1,-1,-2,-2,-2,-3,-3,-4,-4,-4,-4,-5,-5,-5,-5,-5,-5,-5,-5,-5,-5,-5,-5,-5,-5,-5,-5,-6,-6,-6,-6,-6,-6,-6,-6,-7,-7,-7,-6,-6,-6,-6,-5,-5,-4,-4,-3,-2,-2,-1,0,1,1,2,3,3,3,4,4,3,3,3,2,1,1,0,-1,-2,-2,-3,-3,-3,-3,-2,-1,0,1,4,6,9,12,16,19,23,27,31,35,39,43,46,48,51,52,53,52,51,49,46,42,38,32,26,18,11,2,-6,-15,-24,-33,-42,-50,-57,-64,-71,-76,-80,-83,-85,-85,-85,-83,-80,-76,-71,-65,-58,-50,-42,-34,-25,-16,-8,1,9,16,23,29,35,39,43,46,48,49,49,49,48,46,44,41,38,34,30,27,23,19,16,13,10,7,5,3,1,-1,-2,-2,-3,-3,-3,-3,-3,-3,-2,-2,-2,-1,-1,-1,0,0,0,0,0,0,0,-1,-1,-1,-1,-1,-1,-1,-1,-1,-1,-1,-1,-1,-1,0,0,0,0,0,-1,-1,-1,-1,-2,-2,-3,-3,-4,-4,-5,-5,-6,-6,-7,-7,-7,-7,-7,-7,-7,-6,-6,-5,-5,-4,-4,-3,-2,-2,-1,0,0,1,1,1,2,2,2,2,2,1,1,1,1,0,0,0,-1,-1,-1,-1,-1,-1,-1,-1,-1,0,0,1,1,2,2,3,4,4,5,5,6,6,7,7,7,7,7,7,7,7,6,6,5,5,4,3,3,2,1,1,0,-1,-1,-2,-2,-3,-3,-4,-4,-4,-4,-5,-5,-5,-5,-5,-5,-5,-5,-5,-5,-5,-5,-4,-4,-4,-4,-4,-4,-4,-4,-4,-4,-4,-4,-3,-3,-3,-3,-3,-2,-2,-2,-1,-1,-1,0,0,1,2,2,3,3,4,5,5,6,7,7,8,8,9,9,10,10,10,10,10,10,10,9,9,8,7,6,5,4,3,2,0,-1,-3,-4,-6,-7,-8,-10,-11,-12,-13,-13,-14,-14,-15,-15,-15,-14,-14,-14,-13,-12,-12,-11,-10,-10,-9,-9,-8,-8,-7,-7,-7,-7,-7,-7,-7,-7,-6,-6,-5,-5,-4,-2,-1,2,4,7,10,13,17,21,25,30,34,39,43,47,51,54,57,60,61,62,62,61,59,56,52,47,42,35,27,19,10,1,-8,-18,-28,-37,-47,-56,-64,-71,-78,-83,-88,-91,-93,-93,-93,-91,-88,-84,-79,-72,-65,-58,-49,-41,-32,-22,-13,-4,4,12,20,27,33,39,43,47,50,52,53,53,53,52,50,48,46,43,40,36,33,30,26,23,20,17,15,13,11,9,7,6,5,4,3,3,2,2,1,1,1,0,0,-1,-2,-2,-3,-4,-5,-6,-7,-8,-9,-10,-11,-12,-13,-14,-15,-15,-16,-16,-16,-16,-16,-16,-15,-15,-14,-13,-12,-11,-10,-9,-8,-6,-5,-4,-2,-1,0,1,2,3,4,5,6,7,8,8,9,9,9,9,9,9,9,9,9,8,8,7,7,6,6,5,4,4,3,3,2,1,1,0,0,-1,-1,-2,-2,-2,-3,-3,-3,-4,-4,-4,-5,-5,-5,-5,-5,-5,-5,-5,-5,-5,-5,-5,-5,-5,-4,-4,-3,-3,-2,-1,-1,0,1,2,2,3,4,5,5,6,6,7,7,8,8,8,8,7,7,7,6,6,5,4,4,3,2,1,0,0,-1,-1,-2,-2,-3,-3,-3,-3,-3,-3,-3,-2,-2,-2,-2,-1,-1,-1,-1,-1,-1,-1,-2,-2,-3,-4,-5,-6,-7,-8,-9,-10,-11,-12,-13,-14,-14,-15,-15,-15,-15,-14,-14,-13,-12,-11,-9,-8,-6,-4,-2,-1,1,2,4,5,6,7,8,8,9,9,9,8,8,8,8,7,7,7,8,8,9,10,12,13,16,18,21,24,27,31,34,37,40,43,46,48,50,51,51,50,49,46,43,39,33,27,20,13,4,-4,-14,-23,-33,-42,-51,-60,-68,-75,-81,-87,-91,-94,-96,-96,-95,-93,-89,-84,-78,-71,-63,-55,-45,-36,-26,-16,-6,4,13,22,30,37,44,49,54,57,60,61,62,61,60,58,56,52,49,45,41,37,32,28,24,20,16,13,10,7,5,3,1,0,-1,-2,-3,-3,-3,-4,-4,-4,-4,-5,-5,-5,-6,-6,-7,-7,-8,-9,-10,-10,-11,-12,-12,-12,-13,-13,-13,-13,-13,-12,-12,-11,-11,-10,-9,-8,-7,-6,-5,-4,-3,-3,-2,-1,0,0,1,1,2,2,2,3,3,3,3,3,4,4,4,4,4,5,5,5,5,5,5,6,6,6,5,5,5,5,4,4,3,3,2,2,1,0,0,-1,-2,-2,-3,-3,-4,-4,-4,-4,-5,-5,-4,-4,-4,-4,-3,-3,-2,-2,-1,-1,0,0,1,1,2,2,2,2,3,3,3,3,2,2,2,2,1,1,0,0,-1,-1,-2,-2,-2,-3,-3,-3,-4,-4,-4,-4,-4,-3,-3,-3,-2,-2,-1,0,0,1,2,3,3,4,5,5,5,6,6,6,6,6,5,5,4,3,2,1,0,-1,-2,-4,-5,-6,-7,-8,-9,-10,-10,-10,-11,-10,-10,-10,-9,-8,-7,-6,-5,-4,-3,-2,-2,-1,0,0,0,0,0,0,-1,-2,-3,-3,-4,-5,-6,-7,-7,-8,-7,-7,-6,-4,-2,0,3,6,10,15,19,24,29,34,39,44,49,53,56,59,61,62,62,61,59,56,52,46,40,33,24,15,6,-4,-14,-25,-35,-45,-55,-64,-72,-79,-85,-90,-93,-96,-96,-96,-94,-90,-86,-80,-73,-65,-57,-47,-38,-28,-18,-8,2,11,19,27,34,41,46,50,54,56,57,57,57,55,53,51,47,44,40,36,31,27,23,19,15,12,9,6,3,1,0,-1,-2,-3,-3,-3,-3,-3,-3,-2,-2,-2,-1,-1,-1,-1,-1,-2,-2,-2,-3,-3,-4,-4,-5,-6,-6,-7,-7,-7,-8,-8,-8,-8,-7,-7,-7,-6,-6,-5,-5,-4,-4,-3,-3,-2,-2,-2,-1,-1,-1,-1,-1,-1,-1,-1,-2,-2,-2,-2,-2,-2,-2,-2,-2,-2,-2,-2,-2,-2,-2,-2,-1,-1,0,0,0,1,1,2,2,3,3,3,4,4,5,5,5,5,6,6,6,6,6,6,6,6,5,5,5,5,4,4,3,3,2,2,1,1,0,0,-1,-1,-1,-2,-2,-2,-3,-3,-3,-4,-4,-4,-4,-4,-4,-4,-5,-5,-5,-5,-5,-5,-5,-5,-5,-5,-5,-5,-5,-5,-5,-5,-5,-5,-4,-4,-4,-3,-3,-2,-2,-1,-1,0,1,1,2,3,4,4,5,6,6,7,8,8,9,9,10,10,10,10,10,10,10,10,9,9,8,8,7,6,5,4,2,1,0,-2,-3,-5,-6,-8,-9,-10,-12,-13,-14,-15,-15,-16,-16,-16,-16,-16,-16,-15,-14,-13,-12,-11,-10,-9,-8,-7,-6,-5,-4,-3,-3,-2,-2,-2,-2,-2,-2,-3,-3,-3,-3,-3,-2,-2,-1,0,2,4,6,9,12,16,20,24,28,33,37,42,46,50,54,57,60,62,63,63,62,61,58,54,50,44,37,29,21,12,2,-7,-18,-28,-38,-48,-57,-66,-73,-80,-86,-91,-94,-96,-97,-97,-95,-92,-87,-82,-75,-68,-60,-51,-42,-33,-23,-14,-5,4,12,20,27,33,38,43,46,49,50,51,51,51,49,47,45,42,39,36,33,30,27,24,21,18,16,14,12,11,10,9,9,8,8,8,8,8,8,8,8,8,7,7,6,5,4,3,2,0,-1,-3,-4,-6,-7,-9,-10,-11,-13,-14,-14,-15,-16,-16,-16,-16,-16,-16,-15,-15,-15,-14,-13,-13,-12,-11,-11,-10,-9,-8,-8,-7,-6,-5,-5,-4,-3,-3,-2,-1,0,1,2,3,4,4,5,6,7,8,9,9,10,10,11,11,11,12,11,11,11,11,10,10,9,8,7,7,6,5,4,3,2,1,0,0,-1,-2,-2,-3,-3,-4,-4,-4,-4,-4,-4,-4,-4,-4,-4,-4,-4,-4,-4,-4,-4,-4,-4,-4,-4,-4,-4,-5,-5,-5,-5,-5,-5,-5,-5,-5,-4,-4,-4,-4,-3,-3,-2,-2,-1,0,0,1,1,2,3,3,4,4,4,5,5,5,5,5,5,5,5,4,4,4,3,3,2,2,1,1,1,0,0,0,-1,-1,-1,-1,-1,-1,-1,0,0,0,0,1,1,1,2,2,2,2,3,3,3,3,3,3,3,2,2,2,2,1,1,0,0,0,-1,-1,-2,-2,-2,-3,-3,-3,-3,-3,-3,-3,-3,-3,-3,-3,-3,-3,-3,-3,-2,-2,-2,-2,-2,-1,-1,-1,-1,-1,-1,-1,-1,-1,-1,-1,-1,-1,-1,-1,0,0,0,0,0,0,0,0,0,1,1,1,1,1,1,1,2,2,2,2,2,2,2,2,2,2,2,2,2,2,2,2,2,3,3,3,3,3,3,3,3,3,3,3,3,3,3,3,2,2,2,2,1,1,1,0,0,-1,-1,-2,-2,-2,-3,-3,-3,-3,-4,-4,-4,-4,-4,-4,-4,-4,-3,-3,-3,-3,-3,-3,-3,-3,-3,-3,-4,-4,-4,-5,-5,-5,-6,-6,-7,-7,-7,-7,-7,-7,-7,-7,-7,-6,-6,-5,-4,-3,-2,-1,0,0,1,2,3,3,3,4,4,4,3,3,3,2,1,1,0,0,-1,-1,-1,0,0,1,2,4,6,9,11,15,18,22,25,29,33,36,40,43,46,48,49,50,50,50,48,46,42,38,32,26,20,12,4,-4,-13,-22,-31,-40,-49,-57,-64,-71,-77,-81,-85,-88,-89,-89,-88,-85,-82,-77,-71,-64,-57,-49,-40,-31,-22,-12,-3,6,14,22,30,37,42,47,51,55,57,58,58,58,56,54,52,49,45,41,37,33,28,24,20,16,12,9,6,3,1,-1,-3,-4,-5,-6,-6,-6,-6,-6,-6,-6,-5,-5,-4,-4,-4,-4,-4,-4,-4,-4,-5,-5,-6,-6,-6,-7,-7,-8,-8,-8,-8,-8,-8,-8,-8,-7,-7,-6,-6,-5,-4,-3,-3,-2,-1,-1,0,0,1,1,1,2,2,2,2,2,1,1,1,1,0,0,0,-1,-1,-1,-2,-2,-2,-2,-2,-2,-2,-2,-2,-2,-1,-1,-1,0,0,0,1,1,2,2,3,3,3,4,4,4,4,4,5,5,5,4,4,4,4,4,4,3,3,3,2,2,2,1,1,1,0,0,0,-1,-1,-1,-1,-1,-2,-2,-2,-2,-2,-3,-3,-3,-3,-3,-3,-3,-4,-4,-4,-4,-4,-4,-5,-5,-5,-5,-5,-5,-5,-5,-5,-5,-4,-4,-4,-3,-3,-2,-2,-1,0,0,1,2,3,4,4,5,6,7,8,8,9,9,10,10,10,10,10,10,9,9,8,8,7,6,5,4,3,2,1,0,-2,-3,-4,-5,-5,-6,-7,-7,-8,-8,-8,-8,-8,-8,-8,-8,-7,-7,-6,-6,-5,-5,-4,-3,-3,-2,-2,-1,-1,0,0,0,1,1,1,1,1,1,1,1,1,1,1,0,0,0,0,0,0,0,0,1,1,1,1,1,2,2,2,3,3,3,4,4,4,4,5,5,5,5,5,5,5,5,5,5,5,5,5,5,4,4,4,3,3,3,2,2,1,1,0,0,-1,-1,-2,-2,-3,-4,-4,-5,-5,-6,-6,-7,-7,-8,-8,-8,-9,-9,-9,-9,-9,-9,-9,-8,-8,-8,-7,-7,-6,-5,-5,-4,-3,-3,-2,-1,0,0,1,2,2,3,4,4,5,5,5,6,6,6,7,7,7,7,7,7,7,7,7,7,7,7,7,7,7,7,7,7,6,6,6,6,5,5,4,4,4,3,3,2,1,1,0,0,-1,-1,-2,-2,-3,-3,-4,-4,-5,-5,-6,-6,-6,-7,-7,-8,-8,-8,-9,-9,-10,-10,-10,-11,-11,-11,-11,-11,-11,-11,-11,-11,-10,-10,-9,-8,-7,-6,-6,-5,-4,-3,-2,-1,0,0,1,1,1,1,1,1,1,0,0,-1,-1,-2,-2,-2,-2,-2,-2,-1,0,2,4,6,9,12,15,19,23,27,32,36,40,44,48,51,54,56,58,59,59,58,56,53,49,44,38,31,23,15,6,-3,-12,-22,-31,-41,-50,-58,-66,-73,-79,-84,-88,-91,-92,-92,-91,-89,-85,-81,-75,-68,-61,-53,-44,-35,-26,-17,-8,1,9,17,24,30,36,41,44,47,49,51,51,51,49,48,46,43,40,37,33,30,26,23,20,17,14,11,9,7,6,4,3,3,2,2,2,2,2,3,3,3,3,3,3,3,3,3,2,2,1,0,-1,-1,-2,-3,-4,-4,-5,-6,-6,-7,-7,-7,-8,-8,-8,-8,-7,-7,-7,-7,-7,-6,-6,-6,-6,-6,-5,-5,-5,-6,-6,-6,-6,-6,-7,-7,-7,-7,-8,-8,-8,-8,-8,-8,-8,-7,-7,-6,-6,-5,-5,-4,-3,-2,-1,0,1,2,3,4,5,6,7,8,9,9,10,11,11,11,12,12,12,12,12,11,11,11,10,10,9,9,8,7,7,6,5,5,4,4,3,2,2,1,1,0,0,-1,-1,-2,-2,-3,-4,-4,-5,-5,-6,-6,-7,-8,-8,-9,-9,-10,-10,-11,-11,-11,-12,-12,-12,-12,-12,-12,-11,-11,-11,-10,-9,-9,-8,-7,-6,-5,-5,-4,-3,-2,-1,0,1,2,3,4,5,6,6,7,8,8,9,9,10,10,11,11,12,12,12,12,13,13,13,13,13,13,13,13,12,12,11,11,10,9,9,8,7,5,4,3,1,0,-2,-3,-5,-7,-8,-10,-11,-12,-14,-15,-16,-17,-17,-18,-18,-18,-18,-18,-18,-17,-16,-15,-14,-13,-11,-10,-8,-7,-5,-3,-1,0,2,3,5,6,7,8,9,10,11,11,11,12,12,12,11,11,11,10,9,9,8,7,7,6,5,5,4,4,3,3,2,2,2,1,1,1,1,1,0,0,0,0,-1,-1,-1,-2,-2,-3,-3,-4,-4,-5,-5,-6,-6,-7,-7,-7,-8,-8,-8,-8,-8,-7,-7,-7,-6,-5,-4,-4,-3,-2,-1,1,2,3,4,5,6,6,7,8,8,8,9,9,9,9,8,8,8,7,6,6,5,5,4,3,3,2,1,1,0,0,0,-1,-1,-2,-2,-2,-3,-3,-4,-4,-5,-5,-6,-7,-8,-8,-9,-10,-10,-11,-12,-12,-13,-13,-13,-13,-13,-13,-13,-12,-11,-10,-9,-8,-7,-6,-5,-4,-2,-1,0,1,1,2,3,3,3,3,3,3,3,3,2,2,2,3,3,4,5,7,8,11,13,16,19,23,26,30,34,38,42,45,48,51,53,55,56,56,55,54,51,47,43,37,31,24,15,7,-2,-12,-22,-32,-41,-51,-60,-68,-75,-82,-88,-92,-95,-97,-97,-97,-94,-91,-86,-80,-73,-66,-57,-48,-38,-28,-18,-8,2,11,20,28,36,43,48,53,57,59,61,62,62,61,59,57,53,50,46,42,37,33,29,24,20,16,13,9,6,4,2,0,-2,-3,-4,-4,-5,-5,-5,-5,-5,-5,-5,-5,-5,-6,-6,-6,-7,-7,-8,-8,-9,-9,-10,-10,-11,-11,-12,-12,-12,-12,-12,-11,-11,-10,-10,-9,-8,-7,-6,-5,-4,-4,-3,-2,-1,0,1,1,2,2,3,3,3,3,3,3,3,3,3,3,3,3,3,4,4,4,4,4,4,5,5,5,5,5,6,6,6,6,6,6,5,5,5,4,3,3,2,1,0,-1,-2,-3,-4,-6,-7,-8,-9,-9,-10,-11,-11,-12,-12,-12,-11,-11,-10,-10,-9,-8,-7,-5,-4,-2,-1,1,2,4,5,6,8,9,10,10,11,11,12,12,12,12,11,11,10,9,8,8,7,6,5,4,3,2,1,0,-1,-1,-2,-3,-3,-3,-4,-4,-4,-4,-4,-4,-4,-4,-4,-4,-4,-4,-4,-4,-4,-4,-4,-4,-4,-4,-4,-4,-4,-4,-4,-4,-4,-4,-4,-4,-4,-4,-4,-3,-3,-3,-3,-3,-3,-3,-3,-2,-2,-2,-2,-2,-2,-2,-1,-1,-1,0,0,0,1,1,2,2,3,3,4,4,4,4,4,4,4,3,3,2,1,0,-2,-3,-4,-5,-7,-8,-9,-9,-10,-10,-10,-9,-8,-7,-5,-2,1,4,8,12,17,21,26,31,35,40,44,48,51,54,55,56,56,55,53,50,47,42,36,29,21,13,4,-5,-14,-24,-33,-42,-51,-59,-66,-73,-79,-83,-86,-88,-89,-89,-87,-84,-80,-75,-69,-61,-54,-45,-37,-28,-19,-9,-1,8,16,23,30,36,41,45,48,51,52,53,53,52,51,49,46,43,40,36,33,29,26,22,19,16,13,11,8,6,5,3,2,1,1,0,0,0,-1,-1,-1,-1,-1,-2,-2,-2,-3,-4,-4,-5,-6,-6,-7,-8,-9,-9,-10,-10,-10,-11,-11,-11,-11,-11,-10,-10,-9,-9,-8,-8,-7,-7,-6,-5,-5,-4,-4,-3,-3,-3,-2,-2,-2,-2,-2,-1,-1,-1,-1,0,0,0,1,1,2,3,3,4,5,6,6,7,8,9,9,10,11,11,11,11,11,11,11,11,10,9,8,7,6,4,3,1,-1,-3,-4,-6,-8,-10,-11,-13,-14,-15,-16,-16,-17,-17,-17,-16,-16,-15,-14,-13,-12,-11,-9,-8,-7,-6,-4,-3,-2,-2,-1,-1,-1,0,0,-1,-1,-1,-1,-2,-2,-2,-2,-1,-1,0,2,4,6,8,11,14,17,21,25,28,32,36,39,42,45,47,49,50,50,50,48,46,43,39,34,28,22,15,8,0,-8,-17,-25,-33,-41,-48,-55,-61,-66,-71,-74,-76,-77,-77,-76,-73,-70,-66,-60,-54,-48,-40,-33,-25,-17,-9,-1,6,14,20,26,31,36,39,42,44,46,46,46,45,43,41,39,36,33,30,26,23,19,16,13,10,8,6,4,2,1,0,-1,-2,-2,-2,-3,-3,-3,-3,-3,-3,-3,-3,-3,-4,-4,-5,-6,-7,-7,-8,-9,-10,-11,-11,-12,-12,-12,-12,-12,-12,-12,-11,-10,-9,-8,-7,-6,-4,-3,-1,0,2,3,4,6,7,8,8,9,10,10,10,10,10,10,10,9,9,8,7,7,6,5,4,3,3,2,1,1,0,-1,-1,-2,-2,-2,-3,-3,-3,-3,-3,-4,-4,-4,-4,-4,-4,-4,-4,-4,-5,-5,-5,-5,-5,-5,-5,-6,-6,-6,-6,-6,-6,-6,-6,-5,-5,-5,-5,-4,-4,-3,-3,-2,-2,-1,0,0,1,2,2,3,4,4,5,5,6,6,7,7,7,7,8,8,8,8,7,7,7,7,6,6,6,5,5,4,4,3,3,3,2,2,1,1,1,0,0,0,0,-1,-1,-1,-1,-1,-1,-2,-2,-2,-2,-2,-2,-3,-3,-3,-3,-4,-4,-5,-5,-5,-6,-6,-7,-7,-8,-8,-8,-9,-9,-9,-9,-9,-9,-9,-8,-8,-7,-6,-5,-4,-3,-2,0,1,3,4,6,7,9,10,11,12,13,14,15,15,15,15,15,14,13,12,11,9,8,6,4,3,1,-1,-3,-5,-6,-7,-9,-10,-10,-11,-11,-11,-11,-11,-10,-9,-9,-8,-7,-6,-5,-4,-4,-3,-3,-3,-3,-4,-4,-5,-6,-8,-9,-10,-11,-13,-14,-15,-15,-15,-15,-15,-13,-12,-9,-7,-3,1,5,10,15,21,27,32,38,43,48,53,57,60,63,64,65,64,63,60,56,51,45,38,30,21,12,2,-8,-18,-28,-37,-47,-56,-64,-71,-77,-81,-85,-87,-88,-88,-86,-83,-79,-73,-67,-59,-51,-43,-34,-25,-15,-6,3,11,19,26,33,38,43,47,49,51,52,52,50,49,46,43,39,35,31,26,21,17,12,8,4,1,-3,-5,-8,-10,-11,-12,-12,-13,-12,-12,-11,-10,-8,-7,-5,-4,-2,-1,1,2,3,4,5,6,6,7,7,7,7,7,7,6,6,5,5,4,4,3,2,2,1,0,0,-1,-1,-2,-2,-3,-3,-3,-3,-4,-4,-4,-4,-3,-3,-3,-3,-2,-2,-2,-1,-1,0,0,1,1,1,2,2,2,2,2,2,2,1,1,0,-1,-2,-3,-4,-5,-6,-7,-8,-9,-10,-11,-12,-13,-13,-13,-14,-14,-13,-13,-12,-11,-10,-9,-8,-6,-5,-3,-1,0,2,4,6,7,9,10,11,12,13,14,14,15,15,15,15,15,14,14,13,12,12,11,10,9,8,8,7,6,6,5,4,4,3,3,3,2,2,1,1,0,0,-1,-1,-2,-3,-4,-4,-5,-6,-7,-8,-9,-11,-12,-13,-13,-14,-15,-16,-16,-16,-16,-16,-16,-16,-16,-15,-14,-13,-12,-11,-9,-8,-7,-5,-4,-2,0,1,2,4,5,6,8,9,10,10,11,12,12,13,13,13,13,13,13,13,13,13,13,12,12,12,12,11,11,10,10,9,9,8,8,7,7,6,5,4,3,3,2,1,0,-1,-2,-3,-4,-5,-6,-7,-8,-9,-9,-10,-10,-11,-11,-11,-11,-11,-11,-11,-11,-11,-10,-10,-9,-9,-8,-7,-7,-6,-6,-6,-5,-5,-5,-5,-5,-5,-5,-5,-5,-5,-5,-6,-6,-6,-6,-6,-6,-6,-5,-5,-4,-4,-3,-2,-1,1,2,3,4,5,7,8,9,9,10,10,11,11,10,10,9,8,7,6,5,4,3,2,1,0,-1,-1,-1,0,1,2,4,6,9,12,15,19,23,26,30,34,38,41,44,47,48,49,50,49,47,45,41,37,31,25,18,10,1,-8,-17,-26,-36,-45,-54,-62,-70,-76,-82,-87,-91,-93,-94,-93,-92,-89,-84,-79,-72,-65,-56,-47,-38,-28,-18,-8,2,11,20,29,36,43,49,54,58,60,62,63,62,61,59,56,53,49,45,40,35,30,25,21,16,12,8,5,2,-1,-3,-5,-6,-7,-7,-7,-7,-7,-6,-6,-5,-4,-3,-3,-2,-2,-1,-1,-1,-1,-1,-1,-2,-2,-3,-4,-4,-5,-6,-6,-7,-7,-8,-8,-8,-8,-8,-8,-8,-7,-7,-6,-6,-5,-4,-4,-3,-3,-2,-2,-1,-1,-1,0,0,0,0,0,-1,-1,-1,-1,-2,-2,-2,-3,-3,-3,-3,-3,-3,-3,-3,-3,-3,-2,-2,-1,-1,0,1,2,3,3,4,5,6,6,7,8,8,9,9,9,9,9,9,9,8,8,7,7,6,5,4,3,2,2,1,0,-1,-2,-3,-3,-4,-4,-5,-5,-6,-6,-6,-6,-6,-6,-6,-5,-5,-5,-4,-4,-4,-4,-3,-3,-3,-3,-3,-3,-2,-2,-3,-3,-3,-3,-3,-3,-3,-3,-3,-3,-3,-3,-3,-3,-2,-2,-2,-1,-1,0,0,1,2,2,3,4,5,5,6,6,7,8,8,8,9,9,9,9,9,9,9,8,8,7,7,6,5,5,4,3,2,1,0,-1,-2,-3,-4,-5,-5,-6,-7,-8,-8,-9,-9,-10,-10,-10,-10,-10,-10,-10,-9,-9,-8,-8,-7,-7,-6,-5,-4,-3,-3,-2,-1,0,1,2,3,3,4,5,5,6,6,6,7,7,7,7,7,7,7,6,6,6,6,5,5,4,4,4,3,3,3,2,2,2,1,1,1,1,1,1,0,0,0,0,0,0,0,0,0,0,-1,-1,-1,-1,-1,-1,-1,-2,-2,-2,-2,-3,-3,-3,-3,-4,-4,-4,-5,-5,-5,-5,-5,-5,-6,-6,-6,-5,-5,-5,-5,-5,-4,-4,-4,-3,-2,-2,-1,-1,0,1,1,2,2,3,3,4,4,5,5,6,6,6,6,6,6,6,6,6,6,6,5,5,5,5,4,4,4,3,3,3,2,2,2,1,1,1,0,0,0,-1,-1,-2,-2,-3,-3,-4,-4,-5,-5,-6,-6,-6,-7,-7,-7,-8,-8,-8,-8,-7,-7,-7,-6,-6,-5,-5,-4,-3,-2,-1,0,1,2,2,3,4,5,6,6,7,7,8,8,8,8,8,8,8,7,7,6,6,5,5,4,4,3,3,2,2,1,1,0,0,0,-1,-1,-1,-1,-1,-2,-2,-2,-2,-2,-2,-2,-2,-3,-3,-3,-3,-3,-4,-4,-4,-5,-5,-5,-6,-6,-6,-7,-7,-7,-7,-7,-7,-7,-7,-7,-7,-6,-6,-5,-5,-4,-3,-3,-2,-1,0,1,2,3,4,5,6,7,8,9,10,10,11,11,12,12,12,12,12,12,11,11,10,10,9,8,7,6,5,4,3,2,1,0,-1,-2,-3,-4,-4,-5,-6,-6,-7,-7,-8,-8,-8,-8,-8,-8,-8,-8,-8,-8,-8,-8,-7,-7,-7,-7,-6,-6,-6,-5,-5,-4,-4,-4,-3,-3,-2,-2,-1,-1,0,0,1,1,2,2,3,3,4,4,5,5,6,6,6,7,7,7,8,8,8,8,8,9,9,9,9,9,9,9,8,8,8,7,7,6,5,4,3,2,1,0,-1,-3,-4,-5,-7,-8,-9,-10,-11,-12,-13,-14,-14,-15,-15,-15,-15,-15,-14,-14,-13,-13,-12,-11,-11,-10,-9,-9,-8,-8,-8,-7,-7,-7,-8,-8,-8,-8,-8,-8,-8,-8,-7,-6,-5,-3,-1,1,4,7,11,15,19,24,29,34,39,44,48,53,57,60,63,65,67,67,66,65,62,58,54,48,41,34,25,16,7,-3,-13,-23,-34,-43,-53,-61,-69,-76,-82,-87,-91,-93,-94,-94,-92,-90,-86,-80,-74,-67,-59,-51,-42,-33,-24,-15,-6,3,11,18,25,31,36,41,44,47,48,49,49,48,47,44,42,39,36,32,29,25,22,19,16,13,10,8,7,5,4,3,3,2,2,3,3,3,4,4,5,5,5,6,6,5,5,5,4,4,3,2,1,0,-1,-2,-3,-4,-5,-6,-7,-7,-8,-8,-8,-9,-9,-8,-8,-8,-8,-7,-7,-7,-6,-6,-5,-5,-5,-5,-4,-4,-4,-4,-4,-4,-5,-5,-5,-5,-5,-5,-6,-6,-6,-6,-6,-5,-5,-5,-5,-4,-4,-3,-3,-2,-1,-1,0,1,2,2,3,4,5,6,6,7,8,8,9,9,9,10,10,10,10,10,10,10,10,9,9,8,8,7,7,6,5,4,3,3,2,1,0,-1,-2,-3,-4,-5,-6,-6,-7,-8,-8,-9,-9,-10,-10,-10,-10,-10,-10,-10,-9,-9,-9,-8,-8,-7,-6,-5,-5,-4,-3,-2,-1,0,0,1,2,3,3,4,5,5,5,6,6,6,7,7,7,7,7,7,7,7,6,6,6,6,6,6,6,6,6,6,6,6,6,5,5,5,5,4,4,3,2,2,1,0,-1,-2,-4,-5,-6,-7,-9,-10,-11,-13,-14,-15,-15,-16,-17,-17,-17,-17,-17,-17,-16,-15,-15,-14,-13,-12,-11,-10,-9,-8,-7,-6,-6,-5,-5,-4,-4,-4,-4,-3,-3,-3,-2,-2,-1,1,2,4,6,9,12,15,19,23,28,32,37,42,46,51,55,59,62,65,67,68,68,68,66,63,59,55,49,42,34,25,16,6,-4,-15,-26,-36,-47,-57,-66,-75,-82,-89,-94,-98,-101,-103,-103,-102,-99,-95,-90,-84,-77,-69,-61,-52,-42,-32,-23,-13,-4,5,14,21,28,34,40,44,48,50,52,53,53,53,52,50,48,45,43,40,37,34,31,28,25,23,21,19,17,15,14,13,12,11,11,10,10,9,9,8,8,7,6,5,4,3,2,0,-1,-3,-4,-6,-7,-9,-10,-12,-13,-14,-15,-16,-17,-17,-17,-18,-18,-18,-17,-17,-17,-16,-15,-15,-14,-13,-12,-11,-10,-10,-9,-8,-7,-7,-6,-5,-5,-4,-3,-3,-2,-2,-1,0,0,1,1,2,3,4,4,5,6,7,8,9,9,10,11,12,12,13,13,14,14,14,14,14,14,14,13,13,12,11,10,9,8,6,5,4,2,1,-1,-2,-4,-5,-6,-8,-9,-10,-11,-11,-12,-12,-13,-13,-13,-13,-12,-12,-11,-11,-10,-9,-8,-7,-6,-5,-5,-4,-3,-2,-1,-1,0,0,1,1,1,1,1,1,1,1,1,1,1,1,1,1,1,2,2,2,2,2,3,3,3,3,4,4,4,4,5,5,5,5,5,5,4,4,4,3,3,2,2,1,1,0,0,-1,-1,-2,-2,-2,-3,-3,-3,-3,-3,-3,-3,-2,-2,-1,-1,0,0,1,1,2,3,3,4,4,5,5,5,6,6,6,6,6,5,5,5,4,4,3,2,2,1,0,-1,-2,-3,-3,-4,-5,-5,-6,-6,-7,-7,-7,-7,-7,-7,-6,-6,-5,-5,-4,-4,-3,-2,-2,-1,-1,0,0,0,0,0,0,0,0,-1,-1,-2,-2,-3,-4,-5,-5,-6,-6,-7,-7,-7,-7,-7,-7,-7,-6,-6,-5,-5,-4,-3,-2,-2,-1,-1,0,0,0,0,0,-1,-1,-2,-2,-3,-4,-4,-5,-5,-5,-4,-4,-3,-1,1,3,6,9,13,17,21,26,31,36,41,45,50,54,57,60,62,64,64,64,62,59,55,50,44,37,29,20,10,0,-10,-21,-32,-42,-52,-62,-71,-79,-86,-92,-97,-101,-103,-103,-102,-100,-96,-91,-85,-77,-69,-60,-50,-40,-30,-20,-9,1,10,19,28,35,42,47,52,55,58,59,60,60,58,57,54,51,47,44,40,36,32,28,24,20,17,14,11,9,7,6,4,3,3,2,2,2,2,2,2,2,2,2,1,1,0,-1,-2,-3,-4,-5,-6,-8,-9,-10,-11,-12,-13,-14,-15,-15,-16,-16,-16,-15,-15,-14,-14,-13,-12,-11,-10,-9,-8,-7,-6,-5,-4,-3,-3,-2,-1,-1,0,0,1,1,2,2,2,3,3,3,4,4,4,5,5,5,6,6,7,7,7,8,8,8,8,8,8,8,8,8,8,7,7,6,6,5,4,4,3,2,1,0,-1,-1,-2,-3,-4,-4,-5,-5,-6,-6,-7,-7,-7,-7,-7,-7,-7,-6,-6,-5,-5,-4,-4,-3,-3,-2,-1,-1,0,0,1,1,1,2,2,2,1,1,1,0,0,-1,-1,-2,-2,-3,-4,-4,-5,-5,-5,-5,-5,-5,-5,-4,-4,-3,-3,-2,-1,-1,0,1,1,1,2,2,1,1,1,0,-1,-2,-4,-5,-6,-8,-9,-10,-11,-12,-13,-13,-12,-12,-10,-9,-6,-4,0,4,8,12,17,22,28,33,38,43,48,52,55,58,60,61,61,61,59,56,52,47,41,34,26,18,9,0,-10,-19,-29,-38,-47,-55,-63,-70,-75,-80,-84,-86,-87,-87,-85,-82,-79,-74,-68,-61,-54,-46,-37,-29,-20,-11,-3,5,13,20,27,33,38,42,45,48,49,50,50,49,48,45,43,40,36,33,29,25,21,17,14,10,7,4,1,-1,-3,-5,-6,-7,-8,-8,-9,-9,-8,-8,-7,-7,-6,-5,-5,-4,-3,-2,-2,-1,-1,0,0,1,1,1,2,2,2,2,2,2,2,2,2,2,2,2,2,1,1,1,1,1,0,0,0,0,-1,-1,-1,-1,-1,-2,-2,-2,-2,-2,-2,-2,-2,-2,-2,-2,-2,-3,-3,-3,-3,-3,-3,-3,-4,-4,-4,-4,-4,-5,-5,-5,-5,-5,-6,-6,-6,-6,-5,-5,-5,-5,-4,-4,-3,-3,-2,-2,-1,0,0,1,2,3,3,4,4,5,5,6,6,7,7,7,7,7,8,8,8,8,8,7,7,7,7,7,7,7,7,6,6,6,6,5,5,4,4,3,3,2,2,1,0,-1,-2,-3,-4,-5,-6,-7,-8,-8,-9,-10,-11,-12,-12,-13,-13,-14,-14,-14,-13,-13,-13,-12,-11,-10,-9,-8,-6,-5,-3,-2,0,1,3,4,6,7,8,9,10,11,11,11,11,11,11,10,9,8,7,6,5,3,2,1,-1,-2,-3,-5,-6,-6,-7,-7,-8,-8,-8,-7,-7,-6,-6,-5,-4,-4,-3,-2,-2,-1,-1,-1,-1,-1,-1,-2,-2,-3,-4,-5,-6,-6,-7,-7,-7,-7,-7,-6,-4,-3,0,2,5,9,13,17,21,26,31,35,39,44,47,50,53,55,56,56,55,53,51,47,42,36,29,22,14,5,-4,-13,-23,-32,-41,-50,-58,-66,-72,-78,-82,-86,-88,-88,-88,-86,-83,-79,-73,-67,-59,-52,-43,-34,-25,-16,-6,2,11,19,26,33,38,43,47,50,52,53,53,52,50,48,45,42,38,35,30,26,22,18,14,11,8,5,2,0,-1,-3,-4,-4,-5,-5,-4,-4,-4,-3,-3,-2,-2,-1,-1,-1,0,0,-1,-1,-1,-2,-2,-2,-3,-3,-4,-4,-4,-5,-5,-5,-5,-4,-4,-3,-3,-2,-2,-1,0,1,1,2,2,3,3,3,3,3,3,3,2,2,1,1,0,-1,-2,-2,-3,-4,-4,-5,-5,-6,-6,-6,-6,-6,-6,-6,-5,-5,-5,-4,-4,-3,-3,-2,-2,-2,-1,-1,-1,0,0,0,0,0,0,0,0,0,0,0,0,1,1,1,1,2,2,2,3,3,4,4,5,5,6,6,6,7,7,7,7,7,7,6,6,5,5,4,3,2,1,0,-1,-1,-2,-3,-4,-5,-6,-7,-7,-8,-8,-8,-8,-8,-8,-8,-8,-7,-7,-6,-6,-5,-4,-4,-3,-2,-2,-1,-1,0,0,1,1,1,1,2,2,2,2,2,2,2,2,2,2,2,2,2,2,3,3,3,3,4,4,5,5,5,6,6,7,7,7,7,7,8,8,7,7,7,7,6,6,5,4,3,3,2,1,0,-1,-2,-3,-4,-5,-6,-7,-8,-8,-9,-9,-10,-10,-10,-10,-10,-10,-10,-10,-9,-9,-8,-7,-7,-6,-5,-4,-4,-3,-2,-1,0,0,1,2,2,3,4,4,4,5,5,5,5,5,5,5,5,5,5,5,4,4,4,4,3,3,3,3,2,2,2,2,2,2,2,1,1,1,1,1,1,1,2,2,1,1,1,1,1,1,1,1,0,0,0,-1,-1,-1,-2,-2,-3,-3,-3,-4,-4,-4,-5,-5,-5,-5,-5,-5,-5,-5,-4,-4,-4,-3,-3,-2,-2,-1,0,0,1,1,2,3,3,4,4,4,5,5,6,6,6,6,6,6,6,6,6,6,6,5,5,5,4,4,3,2,2,1,0,-1,-2,-3,-3,-4,-5,-6,-7,-8,-9,-10,-11,-11,-12,-12,-12,-12,-12,-12,-12,-12,-11,-11,-10,-10,-9,-9,-8,-8,-7,-7,-6,-6,-6,-6,-6,-6,-6,-6,-6,-6,-6,-6,-5,-4,-3,-2,-1,1,4,7,10,13,17,21,25,30,34,39,43,48,52,55,58,61,62,64,64,63,61,58,55,50,44,38,30,22,13,4,-5,-15,-25,-35,-44,-53,-62,-69,-76,-82,-87,-90,-93,-94,-94,-92,-90,-86,-81,-75,-68,-60,-52,-44,-35,-26,-17,-8,0,8,16,23,29,35,39,43,46,48,49,50,50,49,48,46,43,41,38,35,32,29,25,23,20,17,15,13,11,9,8,7,6,5,4,4,3,3,2,2,1,1,0,0,-1,-2,-2,-3,-4,-5,-6,-6,-7,-8,-9,-9,-10,-10,-10,-10,-10,-10,-10,-9,-9,-8,-8,-7,-7,-6,-5,-4,-4,-3,-3,-2,-2,-1,-1,-1,-1,-1,-1,-1,-1,-1,-1,-1,-1,-1,-1,-1,-1,0,0,0,0,1,1,1,2,2,3,3,3,4,4,4,4,4,4,4,4,3,3,2,2,1,0,-1,-2,-2,-3,-4,-5,-6,-6,-7,-7,-8,-8,-8,-8,-8,-7,-7,-6,-5,-4,-3,-2,-1,0,1,3,4,5,6,7,8,9,9,10,10,10,10,10,10,10,9,9,8,7,7,6,5,4,3,2,1,0,0,-1,-2,-2,-3,-3,-4,-4,-4,-4,-4,-4,-4,-4,-3,-3,-3,-3,-2,-2,-2,-1,-1,-1,-1,-1,-1,-1,-1,-1,-1,-1,-1,-1,-2,-2,-3,-3,-3,-4,-4,-5,-5,-6,-6,-7,-7,-7,-7,-7,-7,-7,-7,-6,-6,-5,-5,-4,-3,-3,-2,-1,0,1,2,3,3,4,5,5,6,6,6,6,7,6,6,6,6,5,5,4,4,3,3,2,2,1,0,0,-1,-1,-2,-3,-3,-4,-5,-6,-6,-7,-8,-9,-9,-10,-10,-11,-11,-11,-10,-10,-9,-8,-6,-4,-2,1,4,8,12,16,20,24,29,33,37,41,45,48,51,53,55,56,55,54,52,49,45,40,34,28,20,12,4,-5,-15,-24,-34,-43,-51,-60,-67,-74,-79,-84,-87,-90,-90,-90,-88,-85,-81,-76,-70,-62,-55,-46,-37,-28,-18,-9,1,10,18,26,33,39,45,49,53,56,57,58,58,57,56,53,51,47,43,39,35,31,27,22,18,14,11,7,4,1,-1,-3,-5,-7,-8,-9,-10,-11,-11,-12,-12,-12,-12,-12,-12,-12,-12,-12,-12,-11,-11,-11,-10,-10,-9,-8,-7,-7,-6,-4,-3,-2,-1,0,2,3,4,5,6,7,8,8,9,9,9,9,9,9,8,8,7,6,5,4,3,2,1,0,-1,-1,-2,-3,-3,-4,-4,-5,-5,-5,-5,-5,-5,-5,-5,-5,-5,-5,-5,-5,-5,-5,-5,-5,-5,-6,-6,-6,-6,-6,-6,-6,-6,-6,-6,-6,-6,-5,-5,-4,-4,-3,-2,-1,0,1,2,3,4,5,6,7,8,9,10,10,11,11,12,12,12,12,12,12,12,11,11,10,9,8,8,7,6,5,4,3,2,1,0,0,-1,-2,-3,-3,-4,-5,-5,-6,-6,-7,-7,-7,-8,-8,-9,-9,-9,-10,-10,-10,-11,-11,-11,-11,-11,-11,-11,-11,-11,-11,-11,-10,-10,-9,-8,-7,-6,-5,-4,-3,-2,0,1,3,4,6,7,9,10,12,13,14,15,16,16,17,17,17,17,17,17,16,15,15,13,12,11,10,8,7,5,3,2,0,-1,-2,-4,-5,-6,-6,-7,-7,-8,-8,-8,-8,-8,-7,-7,-6,-6,-5,-5,-4,-4,-4,-4,-4,-4,-4,-4,-5,-5,-6,-7,-8,-8,-9,-10,-11,-12,-13,-13,-14,-14,-14,-14,-14,-13,-12,-11,-10,-9,-7,-6,-4,-3,-1,1,2,4,5,6,7,7,8,8,8,7,7,7,6,5,5,4,4,4,4,4,5,6,8,10,12,15,18,21,25,28,32,36,40,43,46,49,51,53,54,54,53,51,48,45,40,34,28,20,12,4,-5,-15,-24,-34,-43,-52,-60,-68,-75,-82,-87,-91,-94,-95,-96,-95,-92,-89,-84,-78,-72,-64,-56,-47,-38,-29,-20,-10,-1,8,16,24,31,38,43,48,52,55,57,58,58,58,57,56,54,51,48,45,42,39,35,32,29,25,22,20,17,14,12,10,9,7,6,4,3,2,1,0,-1,-2,-3,-4,-5,-7,-8,-9,-10,-11,-12,-13,-15,-16,-16,-17,-18,-18,-19,-19,-19,-19,-19,-18,-18,-17,-16,-15,-14,-13,-12,-11,-10,-9,-7,-6,-5,-4,-3,-2,-1,0,1,2,2,3,4,5,5,6,6,7,7,8,8,9,9,10,10,10,11,11,11,11,11,11,11,11,11,10,10,9,9,8,7,6,5,4,3,2,1,0,-1,-2,-3,-4,-5,-6,-7,-8,-9,-9,-10,-10,-11,-11,-11,-11,-11,-11,-10,-10,-9,-9,-8,-8,-7,-6,-5,-5,-4,-3,-2,-2,-1,0,0,1,2,2,2,3,3,3,4,4,4,4,4,4,4,4,4,4,4,4,4,4,4,4,4,4,4,4,4,4,4,4,4,4,5,5,5,5,5,5,4,4,4,4,4,3,3,2,2,1,1,0,-1,-1,-2,-3,-4,-4,-5,-6,-7,-7,-8,-8,-9,-9,-9,-9,-9,-9,-9,-9,-8,-8,-7,-7,-6,-5,-4,-4,-3,-2,-1,0,1,2,3,4,4,5,6,7,7,8,8,9,9,10,10,10,10,10,10,10,10,9,9,8,7,7,6,5,4,3,2,1,-1,-2,-3,-4,-5,-6,-7,-8,-9,-9,-10,-10,-10,-10,-10,-10,-10,-9,-8,-8,-7,-6,-5,-4,-3,-2,-2,-1,0,0,1,1,1,1,1,0,0,0,-1,-1,-2,-3,-3,-4,-4,-4,-5,-5,-5,-4,-4,-4,-3,-3,-2,-1,-1,0,1,1,2,2,3,3,3,3,2,2,1,1,0,0,-1,-1,-1,-1,-1,0,1,2,4,6,8,11,14,17,20,24,28,31,35,38,41,44,46,47,48,48,47,45,43,39,35,30,24,17,10,2,-6,-15,-24,-32,-40,-48,-56,-63,-69,-74,-78,-81,-83,-84,-84,-82,-79,-75,-70,-64,-57,-50,-42,-33,-24,-15,-7,2,10,18,26,32,38,43,47,51,53,54,55,55,53,52,49,46,43,39,34,30,26,21,17,13,9,5,2,-1,-4,-6,-8,-9,-10,-11,-11,-12,-11,-11,-11,-10,-9,-8,-8,-7,-6,-5,-4,-3,-3,-2,-2,-1,-1,0,0,0,1,1,1,1,1,1,1,1,1,1,1,1,1,1,1,1,0,0,0,0,-1,-1,-1,-1,-1,-1,-1,-1,-1,-1,-1,-1,-1,0,0,0,1,1,1,2,2,2,2,2,2,2,2,1,1,0,0,-1,-2,-3,-4,-5,-6,-7,-7,-8,-9,-9,-10,-10,-10,-10,-10,-10,-9,-9,-8,-7,-6,-4,-3,-2,0,1,3,4,5,7,8,9,10,10,11,11,11,11,11,11,11,10,9,9,8,7,6,5,4,4,3,2,2,1,1,0,0,0,0,0,0,0,0,0,0,0,0,0,0,0,-1,-1,-1,-2,-3,-3,-4,-5,-5,-6,-7,-7,-8,-8,-9,-9,-9,-9,-9,-9,-9,-8,-8,-7,-7,-6,-5,-4,-4,-3,-2,-2,-1,-1,0,0,0,0,0,0,0,0,0,0,0,0,0,0,0,0,0,0,0,1,1,1,1,2,2,2,2,1,1,1,0,0,-1,-1,-2,-3,-3,-4,-4,-4,-4,-4,-3,-2,-1,1,3,6,9,12,16,20,24,28,32,36,40,44,47,50,52,54,54,54,53,51,48,43,38,32,25,18,9,0,-9,-18,-28,-37,-47,-55,-64,-71,-77,-83,-87,-90,-92,-93,-92,-90,-86,-82,-76,-69,-61,-53,-44,-34,-25,-15,-5,4,13,21,29,36,42,47,51,54,56,58,58,57,55,53,50,47,43,39,35,31,27,22,18,15,11,8,6,3,1,0,-1,-2,-3,-3,-3,-3,-3,-3,-2,-2,-2,-2,-2,-2,-3,-3,-4,-5,-6,-6,-7,-8,-9,-10,-11,-12,-12,-12,-13,-12,-12,-12,-11,-10,-9,-8,-6,-5,-3,-2,0,1,3,4,5,6,7,8,9,9,9,9,9,8,8,7,6,5,4,3,2,1,0,-1,-1,-2,-3,-3,-4,-4,-4,-4,-4,-4,-3,-3,-3,-3,-2,-2,-2,-1,-1,-1,-1,-1,-1,-2,-2,-3,-3,-4,-4,-5,-6,-6,-7,-8,-8,-9,-9,-9,-9,-9,-8,-8,-7,-6,-5,-4,-2,-1,1,2,4,6,7,9,11,12,14,15,16,17,18,18,18,18,18,18,17,16,15,13,12,10,9,7,5,3,1,-1,-3,-5,-6,-8,-9,-10,-11,-12,-12,-12,-13,-12,-12,-12,-11,-10,-10,-9,-8,-7,-6,-5,-5,-4,-3,-3,-3,-3,-3,-3,-4,-4,-5,-6,-7,-8,-9,-10,-10,-11,-12,-12,-12,-12,-12,-11,-11,-10,-9,-7,-6,-4,-3,-1,1,2,4,6,7,8,9,10,10,11,11,10,10,9,9,8,7,6,6,5,5,5,5,6,7,9,11,13,16,20,23,27,31,34,38,42,45,48,51,53,54,54,53,52,49,45,40,35,28,20,12,3,-7,-16,-27,-37,-47,-56,-66,-74,-82,-88,-94,-98,-101,-102,-102,-101,-98,-94,-88,-81,-74,-65,-55,-45,-35,-24,-13,-2,8,18,27,36,43,50,56,60,64,66,67,67,67,65,62,59,55,51,47,42,37,32,27,22,18,14,10,7,4,1,-1,-3,-4,-5,-5,-6,-6,-6,-6,-6,-5,-5,-5,-5,-5,-5,-6,-6,-6,-7,-8,-9,-9,-10,-11,-12,-12,-13,-13,-14,-14,-14,-14,-13,-13,-12,-11,-10,-9,-8,-7,-5,-4,-2,-1,0,2,3,4,5,6,7,7,8,8,9,9,9,9,9,9,8,8,7,7,6,6,5,5,4,3,3,2,2,1,1,0,0,-1,-1,-2,-2,-3,-3,-4,-4,-4,-4,-5,-5,-5,-5,-5,-5,-5,-5,-5,-5,-5,-5,-5,-5,-4,-4,-4,-4,-3,-3,-3,-2,-2,-1,-1,0,0,1,1,2,2,3,4,4,5,5,6,6,7,7,7,7,7,7,7,7,6,6,5,4,3,2,1,0,-2,-3,-4,-5,-7,-8,-9,-10,-11,-11,-12,-12,-12,-12,-12,-12,-12,-11,-10,-10,-9,-8,-7,-6,-6,-5,-5,-4,-4,-4,-4,-4,-4,-4,-4,-4,-4,-4,-3,-3,-2,-1,1,2,5,7,10,13,17,21,25,29,34,38,42,46,50,53,55,57,59,59,59,57,55,51,47,42,36,29,21,12,3,-6,-16,-25,-35,-44,-53,-61,-69,-75,-81,-85,-89,-91,-92,-91,-89,-86,-82,-77,-70,-63,-55,-47,-38,-29,-19,-10,-1,8,16,23,30,36,41,45,49,51,53,53,53,52,50,48,45,41,38,34,30,26,22,18,15,11,8,6,3,1,0,-1,-2,-3,-3,-3,-3,-3,-3,-2,-2,-1,-1,0,0,0,0,0,0,0,-1,-1,-2,-2,-3,-3,-4,-5,-5,-6,-6,-6,-7,-7,-7,-7,-7,-7,-6,-6,-6,-5,-5,-4,-4,-3,-3,-2,-2,-1,-1,0,0,1,1,1,2,2,2,2,2,2,2,2,2,1,1,1,0,0,0,-1,-1,-2,-2,-2,-3,-3,-3,-4,-4,-4,-4,-4,-4,-3,-3,-3,-2,-2,-1,-1,0,1,1,2,3,4,4,5,5,6,6,6,7,7,7,6,6,6,5,5,4,4,3,2,1,1,0,-1,-2,-2,-3,-3,-4,-4,-4,-4,-4,-4,-4,-4,-3,-3,-3,-2,-2,-1,-1,-1,0,0,0,0,0,0,0,0,0,0,0,0,0,0,-1,-1,-1,-1,-1,-1,-1,0,0,0,0,0,1,1,1,1,1,1,1,1,1,1,1,0,0,-1,-1,-2,-3,-3,-4,-5,-5,-6,-6,-6,-7,-7,-7,-6,-6,-6,-5,-5,-4,-4,-3,-2,-2,-2,-1,-1,-1,-1,-2,-2,-3,-3,-4,-5,-5,-6,-7,-7,-7,-7,-7,-6,-5,-4,-2,0,3,7,10,14,19,23,28,33,37,42,46,50,53,56,58,59,59,58,57,54,50,45,39,32,25,17,8,-2,-11,-21,-31,-40,-49,-58,-66,-73,-79,-84,-87,-90,-91,-90,-89,-86,-82,-77,-70,-63,-55,-47,-38,-28,-19,-10,-1,8,16,23,30,36,41,45,48,50,51,52,51,50,48,45,42,39,35,32,28,24,20,17,14,11,8,6,5,3,2,2,1,1,1,2,2,3,3,3,4,4,4,4,4,3,3,2,1,0,-2,-3,-4,-6,-7,-8,-9,-10,-11,-12,-13,-13,-13,-13,-13,-13,-13,-12,-11,-10,-9,-8,-7,-6,-5,-4,-3,-3,-2,-1,0,0,1,1,1,2,2,2,2,2,2,2,2,2,2,2,3,3,3,3,3,3,3,3,4,4,4,4,4,4,4,3,3,3,3,3,2,2,2,1,1,1,1,0,0,0,0,0,-1,-1,-1,-1,-1,0,0,0,0,0,0,0,0,0,0,0,0,0,0,0,0,0,0,0,0,-1,-1,-1,-1,-1,-2,-2,-2,-2,-2,-2,-2,-2,-2,-2,-2,-2,-1,-1,-1,-1,-1,-1,-1,0,0,0,0,0,0,0,-1,-1,-1,-1,-2,-2,-2,-2,-3,-3,-3,-4,-4,-4,-5,-5,-5,-5,-5,-5,-5,-5,-4,-4,-4,-3,-2,-2,-1,0,0,1,2,3,4,5,6,6,7,8,9,9,10,10,11,11,11,11,11,11,11,11,11,10,10,9,8,7,6,6,5,4,3,2,1,0,-1,-2,-3,-4,-5,-5,-6,-6,-7,-7,-7,-7,-7,-7,-6,-6,-6,-5,-5,-4,-4,-4,-3,-3,-3,-3,-3,-3,-3,-4,-5,-5,-6,-7,-8,-9,-10,-11,-12,-13,-14,-15,-15,-16,-16,-16,-15,-15,-14,-13,-11,-10,-8,-6,-4,-2,0,3,5,7,8,10,11,12,13,14,14,14,13,13,12,11,10,9,8,7,6,5,5,5,5,6,7,9,11,13,16,20,23,27,31,35,39,42,46,48,51,52,53,53,51,49,46,42,37,30,23,15,6,-3,-13,-23,-33,-43,-53,-63,-72,-80,-87,-93,-97,-101,-103,-103,-102,-100,-96,-91,-85,-77,-69,-59,-49,-38,-27,-16,-5,5,16,26,35,43,50,57,62,66,69,71,72,72,70,68,66,62,58,54,49,44,39,34,29,24,20,16,12,8,5,2,0,-2,-4,-5,-7,-8,-9,-9,-10,-11,-11,-12,-13,-13,-14,-15,-16,-17,-18,-18,-19,-20,-21,-21,-21,-21,-21,-21,-21,-20,-19,-18,-17,-15,-13,-11,-9,-7,-5,-3,-1,1,3,5,7,8,10,11,12,13,13,14,14,14,14,14,14,13,13,12,11,11,10,9,8,8,7,6,6,5,4,4,3,3,2,2,1,1,0,0,-1,-2,-2,-3,-3,-4,-5,-5,-6,-7,-7,-8,-8,-9,-9,-10,-10,-10,-11,-11,-11,-11,-11,-10,-10,-10,-9,-8,-8,-7,-6,-5,-4,-3,-2,-1,0,1,2,3,4,5,6,7,8,9,10,10,11,11,11,11,11,11,11,11,10,10,9,8,8,7,6,5,4,3,2,1,0,-1,-1,-2,-3,-3,-4,-4,-5,-5,-5,-6,-6,-6,-6,-6,-6,-6,-6,-6,-6,-6,-6,-6,-6,-6,-6,-6,-7,-7,-7,-7,-7,-7,-7,-7,-7,-6,-6,-5,-5,-4,-3,-2,-1,0,1,3,4,5,7,8,10,11,12,13,14,15,16,16,16,17,16,16,16,15,14,13,12,11,10,8,7,5,4,2,1,0,-2,-3,-4,-5,-6,-6,-7,-8,-8,-8,-9,-9,-9,-9,-10,-10,-10,-11,-11,-12,-12,-13,-14,-14,-15,-16,-16,-17,-18,-18,-18,-18,-18,-18,-17,-16,-15,-14,-12,-11,-9,-7,-5,-2,0,2,4,6,8,9,11,12,13,13,14,14,14,13,12,12,11,10,9,8,8,7,7,8,8,10,11,13,15,18,21,25,28,32,36,40,43,47,49,52,53,54,54,53,52,49,45,40,34,27,19,11,1,-8,-18,-29,-39,-49,-59,-68,-76,-84,-90,-95,-100,-102,-103,-103,-102,-99,-94,-89,-82,-74,-65,-56,-45,-35,-24,-14,-3,7,17,26,35,42,49,54,59,62,65,66,67,66,65,63,60,56,53,48,44,40,35,31,26,22,19,15,12,9,7,5,3,1,0,-1,-2,-2,-3,-3,-3,-4,-4,-5,-5,-6,-6,-7,-8,-9,-10,-10,-11,-12,-13,-14,-15,-15,-16,-16,-16,-16,-16,-16,-16,-15,-15,-14,-13,-12,-11,-10,-9,-8,-7,-6,-5,-4,-3,-2,-1,-1,0,1,1,2,3,3,4,4,5,5,6,6,7,7,8,8,8,9,9,9,9,9,9,9,9,9,8,8,7,7,6,5,5,4,3,2,2,1,0,-1,-1,-2,-2,-3,-3,-4,-4,-5,-5,-5,-5,-5,-6,-6,-6,-6,-6,-6,-5,-5,-5,-5,-5,-5,-4,-4,-4,-3,-3,-3,-2,-2,-1,-1,0,0,1,2,2,3,3,4,4,4,5,5,5,5,5,5,5,5,4,4,4,3,2,2,1,0,0,-1,-2,-3,-3,-4,-4,-5,-5,-5,-5,-6,-5,-5,-5,-5,-4,-4,-3,-3,-2,-1,-1,0,1,1,2,3,3,4,4,4,5,5,5,5,5,5,5,5,5,5,5,5,5,4,4,4,4,4,4,3,3,3,2,2,2,1,1,0,0,-1,-2,-3,-3,-4,-5,-6,-7,-8,-9,-10,-10,-11,-11,-12,-12,-12,-12,-12,-11,-11,-10,-9,-8,-7,-6,-5,-4,-3,-3,-2,-1,-1,0,0,0,0,-1,-1,-2,-2,-3,-3,-4,-4,-5,-5,-5,-4,-3,-2,0,2,5,8,11,15,19,23,27,32,36,40,44,48,51,53,55,56,56,56,54,52,48,44,38,32,25,18,9,1,-8,-17,-26,-35,-44,-52,-59,-66,-72,-76,-80,-82,-84,-84,-82,-80,-77,-72,-67,-60,-53,-46,-38,-30,-21,-13,-5,3,11,17,24,29,34,38,41,43,44,45,45,44,42,40,38,35,32,29,25,22,19,16,13,10,8,5,4,2,1,0,-1,-1,-1,-2,-1,-1,-1,0,0,0,1,1,1,1,2,2,2,1,1,1,1,1,1,1,0,0,0,0,0,0,0,0,0,0,0,0,0,0,0,-1,-1,-1,-2,-2,-2,-3,-4,-4,-5,-5,-6,-6,-7,-7,-7,-8,-8,-8,-8,-8,-7,-7,-7,-6,-5,-5,-4,-3,-3,-2,-1,-1,0,0,1,1,2,2,2,2,2,2,2,2,1,1,1,0,0,0,-1,-1,-1,-1,-1,-2,-1,-1,-1,-1,-1,0,0,1,1,2,3,3,4,5,5,6,7,7,8,8,8,8,9,9,9,8,8,8,7,7,6,5,4,4,3,2,1,0,-1,-2,-3,-4,-5,-5,-6,-7,-7,-8,-8,-9,-9,-9,-9,-9,-9,-9,-8,-8,-8,-7,-7,-6,-6,-5,-5,-4,-3,-3,-2,-2,-1,-1,0,0,1,1,1,2,2,2,3,3,3,4,4,4,4,5,5,5,5,6,6,6,7,7,7,8,8,8,8,8,8,8,8,8,8,8,7,6,6,5,4,3,1,0,-1,-3,-5,-6,-8,-9,-11,-12,-14,-15,-16,-17,-18,-18,-19,-19,-18,-18,-17,-16,-15,-14,-13,-11,-10,-8,-6,-5,-3,-2,-1,0,1,2,2,2,2,2,2,2,1,1,0,0,0,0,1,1,3,4,6,8,11,14,18,22,26,30,35,39,44,48,52,55,58,60,61,62,61,60,57,54,49,44,37,29,21,12,2,-8,-18,-28,-39,-49,-58,-67,-75,-82,-89,-94,-97,-100,-101,-100,-98,-95,-91,-85,-78,-71,-62,-53,-43,-33,-23,-13,-4,6,15,23,31,38,43,48,52,55,57,58,58,57,56,54,51,48,45,41,37,33,30,26,23,19,16,14,12,10,8,7,6,5,5,4,4,4,4,4,4,3,3,3,2,1,0,-1,-2,-3,-4,-6,-7,-9,-10,-11,-13,-14,-15,-16,-17,-17,-17,-18,-18,-17,-17,-16,-16,-15,-14,-13,-12,-11,-10,-9,-7,-6,-5,-4,-3,-2,-2,-1,0,0,1,2,2,2,3,3,4,4,4,5,5,5,6,6,6,7,7,7,8,8,8,8,8,9,9,9,9,9,8,8,8,8,7,7,7,6,5,5,4,4,3,2,1,0,0,-1,-2,-3,-4,-5,-5,-6,-7,-7,-8,-9,-9,-9,-10,-10,-10,-10,-10,-9,-9,-9,-8,-8,-7,-6,-6,-5,-4,-4,-3,-2,-1,-1,0,0,1,1,2,2,2,3,3,3,3,3,3,3,3,3,3,3,4,4,4,4,4,4,5,5,5,6,6,6,6,7,7,7,7,6,6,6,6,5,4,4,3,2,1,0,-1,-2,-3,-4,-5,-6,-6,-7,-8,-8,-9,-9,-9,-9,-9,-9,-9,-8,-8,-7,-6,-5,-5,-4,-3,-2,-1,0,0,1,2,2,3,3,4,4,4,4,5,5,5,5,5,5,5,5,5,5,5,5,5,5,5,5,5,4,4,4,4,4,4,3,3,3,2,1,1,0,0,-1,-2,-3,-3,-4,-5,-6,-6,-7,-7,-7,-8,-8,-8,-7,-7,-7,-6,-5,-5,-4,-3,-2,-1,0,2,3,4,5,6,6,7,8,8,8,8,8,8,7,7,6,5,4,2,1,0,-1,-3,-4,-5,-6,-8,-8,-9,-10,-10,-11,-11,-11,-11,-10,-10,-9,-9,-8,-7,-7,-6,-5,-5,-5,-5,-4,-5,-5,-5,-6,-6,-7,-8,-8,-9,-9,-9,-9,-9,-8,-7,-6,-4,-2,1,5,8,13,17,22,27,32,37,42,47,52,56,60,63,65,66,66,66,64,61,58,53,47,40,32,24,14,5,-6,-16,-26,-36,-46,-56,-64,-72,-79,-85,-90,-94,-96,-97,-96,-94,-91,-87,-82,-75,-68,-60,-52,-43,-33,-24,-15,-5,3,12,19,26,33,38,43,46,49,51,52,52,51,50,49,46,44,41,38,34,31,28,25,22,19,16,14,12,10,9,8,7,6,6,5,5,5,4,4,4,4,3,3,3,2,1,0,0,-1,-2,-3,-5,-6,-7,-8,-9,-10,-10,-11,-12,-12,-13,-13,-13,-13,-13,-13,-13,-13,-13,-12,-12,-12,-11,-11,-11,-10,-10,-9,-9,-8,-8,-7,-7,-6,-5,-4,-3,-2,-1,0,1,3,4,5,6,8,9,10,11,12,13,13,14,14,15,15,14,14,13,13,12,11,10,8,7,6,4,3,1,0,-2,-3,-4,-5,-6,-7,-8,-8,-8,-9,-9,-8,-8,-8,-7,-7,-6,-5,-5,-4,-3,-3,-2,-2,-1,-1,0,0,0,0,0,0,0,0,0,0,-1,-1,-1,-1,-1,-1,-1,-1,-1,-1,-1,0,0,0,1,1,2,2,2,3,3,3,4,4,4,4,4,4,3,3,3,2,2,1,1,0,0,-1,-1,-2,-2,-2,-3,-3,-3,-3,-3,-3,-3,-3,-3,-3,-2,-2,-2,-1,-1,0,0,1,1,1,2,2,2,2,3,3,3,3,3,2,2,2,2,1,1,1,0,0,0,-1,-1,-1,-1,-2,-2,-2,-2,-2,-1,-1,-1,-1,-1,0,0,1,1,1,2,2,2,3,3,3,3,3,3,3,3,3,3,2,2,2,1,1,1,0,0,0,-1,-1,-1,-1,-1,-1,-1,-1,0,0,0,0,1,1,1,1,1,1,1,0,0,0,-1,-2,-3,-4,-5,-6,-7,-8,-9,-10,-11,-11,-12,-13,-13,-13,-13,-13,-12,-12,-11,-10,-9,-7,-6,-5,-3,-2,-1,1,2,3,3,4,4,4,4,4,4,3,3,2,2,1,1,1,1,1,2,3,5,7,9,11,14,18,21,25,29,33,37,41,44,47,49,51,53,53,53,51,49,46,42,37,31,24,16,8,-1,-10,-19,-29,-38,-47,-56,-64,-71,-77,-83,-87,-90,-92,-92,-91,-89,-85,-81,-75,-68,-60,-52,-43,-34,-24,-14,-5,4,13,22,30,37,43,48,52,55,58,59,59,59,57,55,53,49,46,42,38,33,29,25,21,17,14,10,7,5,3,1,-1,-2,-3,-4,-4,-4,-5,-5,-5,-5,-6,-6,-6,-7,-7,-8,-9,-10,-11,-12,-12,-13,-14,-15,-16,-16,-16,-16,-16,-16,-15,-15,-14,-12,-11,-10,-8,-6,-4,-3,-1,1,3,4,6,7,9,10,10,11,11,12,12,11,11,11,10,9,9,8,7,6,5,4,3,2,2,1,1,0,0,-1,-1,-1,-1,-1,-1,-1,-1,-1,-1,-1,-1,-1,-1,-1,-1,-2,-2,-2,-3,-3,-4,-4,-5,-5,-6,-6,-6,-7,-7,-7,-7,-7,-7,-7,-7,-6,-6,-5,-4,-4,-3,-2,-1,0,1,2,3,4,5,5,6,7,7,8,8,8,8,8,8,8,7,7,6,6,5,4,4,3,2,1,1,0,-1,-1,-2,-2,-2,-3,-3,-3,-3,-3,-4,-4,-3,-3,-3,-3,-3,-3,-3,-3,-3,-3,-3,-3,-3,-4,-4,-4,-4,-4,-4,-4,-4,-4,-4,-4,-4,-4,-3,-3,-3,-2,-1,-1,0,1,2,3,4,5,6,7,8,8,9,10,10,11,11,11,11,11,11,11,10,10,9,8,8,7,6,5,4,3,2,1,0,-1,-1,-2,-3,-3,-4,-4,-4,-4,-5,-5,-5,-5,-5,-6,-6,-6,-6,-7,-7,-8,-9,-9,-10,-11,-12,-12,-13,-14,-14,-15,-15,-16,-16,-16,-16,-15,-15,-14,-14,-13,-11,-10,-9,-8,-6,-5,-4,-2,-1,0,1,2,3,4,4,5,5,6,6,6,7,7,8,9,10,12,13,15,18,20,23,26,29,33,36,40,43,47,50,53,55,57,58,59,59,58,56,53,49,44,38,32,24,16,7,-2,-12,-21,-31,-41,-51,-60,-69,-77,-84,-90,-95,-99,-101,-102,-102,-101,-98,-94,-89,-83,-75,-67,-59,-49,-40,-30,-20,-10,0,9,18,26,34,40,46,51,55,58,60,61,62,61,60,58,56,53,50,47,43,39,36,32,28,25,22,19,16,13,11,9,7,6,4,3,2,1,0,-1,-1,-2,-3,-4,-4,-5,-6,-7,-8,-9,-10,-11,-12,-13,-14,-15,-15,-16,-17,-17,-17,-18,-18,-18,-17,-17,-17,-16,-15,-14,-14,-12,-11,-10,-9,-8,-6,-5,-4,-2,-1,0,2,3,4,6,7,8,9,10,10,11,12,12,12,13,13,13,12,12,12,11,10,10,9,8,7,6,5,4,2,1,0,-1,-2,-3,-3,-4,-5,-5,-6,-6,-6,-6,-6,-6,-6,-6,-5,-5,-5,-5,-4,-4,-4,-4,-3,-3,-3,-3,-3,-3,-3,-3,-3,-4,-4,-4,-3,-3,-3,-3,-3,-2,-2,-1,0,1,1,2,3,4,5,6,7,8,8,9,9,9,9,9,9,8,7,6,5,4,2,1,-1,-2,-4,-6,-7,-9,-10,-11,-12,-13,-13,-14,-14,-14,-14,-13,-13,-12,-11,-10,-10,-9,-8,-7,-6,-6,-5,-5,-5,-5,-5,-5,-5,-5,-5,-5,-5,-4,-4,-3,-1,1,3,6,9,12,16,20,25,30,35,40,44,49,54,57,61,64,65,67,67,66,64,61,56,51,44,37,29,20,10,0,-11,-22,-33,-43,-53,-63,-72,-80,-87,-93,-97,-100,-102,-102,-100,-98,-94,-89,-82,-75,-66,-57,-48,-38,-28,-18,-8,2,11,19,27,33,39,44,48,51,53,54,54,53,51,49,46,43,40,36,32,29,25,22,18,16,13,11,9,8,7,7,6,6,7,7,7,8,9,9,10,10,10,10,10,9,8,7,6,5,3,2,0,-2,-4,-6,-7,-9,-11,-12,-13,-14,-15,-16,-16,-17,-17,-17,-16,-16,-15,-15,-14,-13,-13,-12,-11,-10,-9,-8,-7,-7,-6,-5,-5,-4,-3,-3,-2,-1,-1,0,0,1,2,2,3,4,4,5,5,6,7,7,8,8,8,9,9,9,9,9,9,9,9,9,8,8,8,7,7,6,5,5,4,3,3,2,1,0,0,-1,-2,-3,-3,-4,-5,-5,-6,-7,-7,-8,-9,-9,-9,-10,-10,-10,-10,-10,-10,-10,-9,-9,-8,-8,-7,-6,-5,-4,-3,-2,-1,0,1,3,4,5,5,6,7,8,8,8,9,9,9,9,8,8,8,7,7,6,6,5,5,5,4,4,4,4,3,3,3,4,4,4,4,4,4,4,4,4,3,3,2,1,1,-1,-2,-3,-5,-6,-8,-9,-11,-13,-14,-16,-17,-18,-19,-20,-20,-21,-21,-20,-20,-19,-18,-17,-16,-14,-12,-11,-9,-8,-6,-4,-3,-2,-1,0,1,2,2,3,3,4,4,5,5,6,7,8,10,12,14,17,20,23,27,31,35,39,43,47,51,55,58,61,63,64,65,64,63,60,57,52,46,40,32,23,14,4,-7,-17,-28,-39,-50,-60,-70,-79,-87,-94,-99,-104,-106,-108,-108,-106,-103,-99,-93,-86,-78,-69,-59,-49,-38,-27,-16,-5,5,15,24,33,40,47,52,57,60,63,64,64,63,62,60,57,53,50,45,41,37,33,28,24,21,17,14,12,9,8,6,5,4,3,3,3,3,2,2,2,2,1,1,0,-1,-2,-3,-4,-6,-8,-9,-11,-13,-14,-16,-17,-18,-20,-20,-21,-22,-22,-22,-21,-21,-20,-19,-17,-16,-14,-13,-11,-9,-7,-5,-4,-2,0,1,3,4,5,6,7,8,9,9,10,10,10,10,10,10,10,10,10,10,10,10,10,9,9,9,9,8,8,7,7,7,6,5,5,4,4,3,2,1,1,0,-1,-2,-3,-3,-4,-5,-6,-6,-7,-7,-8,-8,-9,-9,-9,-9,-9,-9,-9,-9,-9,-9,-8,-8,-8,-7,-7,-6,-5,-5,-4,-3,-3,-2,-1,-1,0,1,2,2,3,4,4,5,5,6,6,7,7,7,7,7,7,7,7,7,7,7,6,6,5,5,4,4,3,2,2,1,1,0,-1,-1,-2,-2,-3,-3,-4,-4,-4,-5,-5,-5,-5,-5,-5,-5,-5,-5,-5,-5,-5,-4,-4,-4,-4,-3,-3,-3,-2,-2,-1,-1,-1,0,1,1,2,2,3,3,4,4,5,5,6,6,7,7,7,7,8,8,8,7,7,7,7,6,6,6,5,5,4,4,3,3,2,2,2,1,1,0,0,0,-1,-1,-2,-2,-3,-3,-4,-5,-6,-6,-7,-8,-9,-10,-11,-12,-13,-14,-15,-15,-16,-16,-17,-17,-17,-16,-16,-15,-14,-13,-12,-11,-10,-8,-7,-5,-4,-2,-1,0,2,3,3,4,4,5,5,5,5,5,5,5,5,5,5,6,7,8,9,11,14,16,19,22,26,30,33,37,41,45,48,51,53,55,57,57,57,56,54,51,47,41,36,29,21,13,4,-5,-15,-25,-34,-44,-53,-62,-70,-77,-83,-89,-93,-95,-97,-97,-96,-94,-90,-85,-79,-73,-65,-57,-48,-39,-29,-20,-10,-1,8,16,23,30,36,42,46,49,52,54,54,54,54,53,51,48,46,43,40,37,34,31,28,25,22,20,18,16,15,14,13,12,11,11,10,10,9,9,8,8,7,6,5,4,3,1,-1,-2,-4,-6,-8,-10,-12,-14,-16,-17,-19,-20,-21,-22,-23,-23,-24,-24,-24,-23,-23,-22,-21,-20,-19,-17,-16,-14,-13,-11,-10,-8,-7,-5,-4,-2,-1,0,2,3,4,5,6,7,8,9,9,10,11,11,12,12,12,13,13,13,13,13,13,12,12,12,11,11,11,10,9,9,8,7,7,6,5,5,4,3,2,2,1,0,0,-1,-2,-2,-3,-4,-4,-5,-6,-6,-7,-8,-8,-9,-10,-10,-11,-11,-11,-12,-12,-12,-12,-12,-12,-12,-12,-11,-11,-10,-9,-9,-8,-7,-6,-5,-4,-2,-1,0,1,2,4,5,6,7,8,9,10,10,11,11,12,12,12,12,12,12,12,11,11,10,10,9,8,7,7,6,5,4,3,2,2,1,0,-1,-1,-2,-3,-3,-4,-4,-4,-5,-5,-5,-5,-5,-5,-5,-5,-5,-5,-5,-5,-5,-5,-4,-4,-4,-4,-4,-4,-4,-3,-3,-3,-3,-3,-3,-3,-3,-3,-2,-2,-2,-2,-2,-2,-2,-1,-1,-1,0,0,0,0,1,1,2,2,2,3,3,3,4,4,4,4,4,5,5,5,5,5,5,5,5,5,5,5,4,4,4,4,4,3,3,3,2,2,2,1,1,0,0,-1,-2,-2,-3,-4,-4,-5,-6,-6,-7,-7,-8,-8,-9,-9,-9,-9,-9,-9,-9,-9,-9,-9,-8,-8,-8,-8,-7,-7,-7,-7,-7,-7,-7,-7,-7,-8,-8,-8,-8,-8,-7,-7,-6,-5,-4,-2,0,2,5,8,12,16,20,24,28,33,37,42,46,50,53,56,59,61,62,62,61,60,57,53,49,43,37,30,22,13,4,-5,-15,-24,-34,-44,-53,-61,-69,-76,-81,-86,-90,-93,-94,-94,-92,-90,-86,-82,-76,-69,-62,-54,-45,-36,-27,-18,-9,0,8,16,23,29,35,40,44,47,49,50,51,51,50,48,46,44,41,38,35,32,28,25,22,19,17,14,12,10,9,7,6,6,5,5,5,5,5,5,5,5,5,5,5,5,5,5,4,3,3,2,1,0,-1,-2,-3,-4,-5,-6,-7,-8,-9,-10,-10,-11,-11,-12,-12,-12,-12,-12,-12,-12,-12,-12,-12,-11,-11,-11,-10,-10,-10,-9,-9,-8,-8,-7,-7,-6,-6,-5,-4,-4,-3,-2,-1,-1,0,1,1,2,3,3,4,4,5,5,6,6,6,7,7,7,7,7,7,7,7,6,6,6,6,6,5,5,5,5,4,4,4,4,4,3,3,3,3,3,3,2,2,2,2,2,2,2,2,2,1,1,1,1,1,1,0,0,0,-1,-1,-2,-2,-3,-4,-4,-5,-6,-7,-7,-8,-9,-10,-11,-11,-12,-12,-13,-13,-13,-13,-13,-12,-11,-11,-10,-9,-7,-6,-5,-3,-2,-1,1,2,3,4,4,4,4,4,4,3,2,1,-1,-2,-3,-5,-6,-7,-8,-9,-10,-9,-9,-8,-6,-4,-1,2,6,11,16,21,26,32,38,43,49,54,58,62,65,67,68,68,67,65,61,56,50,43,35,27,17,7,-4,-15,-26,-37,-48,-58,-67,-76,-83,-89,-94,-98,-100,-101,-100,-97,-94,-88,-82,-75,-67,-58,-48,-38,-28,-18,-7,2,11,20,28,35,41,46,50,53,55,56,55,55,53,51,48,44,40,37,32,28,24,20,17,13,10,8,5,4,2,1,0,0,-1,-1,0,0,0,0,1,1,1,1,1,1,0,0,-1,-2,-2,-3,-4,-5,-6,-7,-8,-9,-9,-10,-10,-10,-10,-10,-10,-10,-9,-9,-8,-8,-7,-6,-5,-5,-4,-3,-2,-2,-1,0,0,1,1,2,2,3,3,4,4,4,5,5,5,6,6,6,6,7,7,7,7,6,6,6,5,5,4,3,3,2,1,0,-1,-2,-3,-4,-5,-5,-6,-7,-7,-8,-8,-8,-8,-8,-7,-7,-7,-6,-5,-5,-4,-3,-2,-2,-1,0,0,1,1,2,2,2,2,2,2,2,2,2,2,1,1,1,1,1,1,0,0,0,1,1,1,1,1,1,2,2,2,2,3,3,3,3,3,3,3,3,3,2,2,2,1,1,0,0,-1,-1,-2,-2,-2,-3,-3,-3,-3,-3,-3,-3,-3,-3,-3,-3,-2,-2,-2,-1,-1,0,0,0,1,1,1,2,2,2,2,2,3,3,3,3,3,3,3,2,2,2,2,2,2,2,1,1,1,1,1,1,1,0,0,0,0,0,0,0,-1,-1,-1,-1,-1,-1,-1,-1,-2,-2,-2,-2,-2,-2,-3,-3,-3,-3,-3,-3,-3,-3,-3,-3,-3,-3,-3,-3,-3,-3,-3,-3,-2,-2,-2,-1,-1,-1,0,0,1,1,2,2,3,3,4,4,5,5,5,6,6,6,6,6,6,6,6,6,5,5,4,4,4,3,2,2,1,1,0,0,-1,-1,-2,-2,-3,-3,-3,-3,-4,-4,-4,-4,-4,-4,-4,-4,-4,-4,-4,-3,-3,-3,-3,-3,-3,-3,-3,-3,-3,-3,-2,-2,-2,-2,-2,-1,-1,-1,0,0,1,1,2,2,3,4,4,5,5,6,6,7,7,7,7,7,7,7,6,5,5,4,3,1,0,-1,-2,-4,-5,-6,-7,-9,-10,-10,-11,-12,-12,-12,-12,-12,-12,-11,-11,-10,-9,-8,-8,-7,-6,-5,-5,-4,-4,-4,-3,-3,-3,-4,-4,-4,-4,-4,-4,-4,-4,-3,-2,-1,1,3,6,9,12,15,19,23,27,32,36,40,44,48,51,54,56,58,58,58,57,55,52,48,43,37,30,22,14,5,-4,-13,-23,-33,-42,-51,-60,-67,-74,-80,-85,-89,-91,-93,-93,-91,-89,-85,-80,-74,-67,-59,-51,-42,-33,-24,-14,-5,4,12,20,27,34,40,44,48,51,53,55,55,55,54,52,50,47,44,40,37,33,30,26,23,19,16,14,11,9,7,5,4,3,2,2,1,1,1,0,0,0,0,-1,-1,-2,-2,-3,-4,-5,-6,-7,-8,-9,-10,-10,-11,-12,-13,-14,-14,-14,-15,-15,-15,-14,-14,-14,-13,-12,-11,-11,-10,-9,-8,-7,-6,-5,-4,-3,-2,-1,0,1,1,2,3,3,4,4,4,5,5,5,5,6,6,6,6,6,6,6,6,6,6,6,5,5,5,5,5,4,4,4,4,3,3,3,2,2,1,1,1,0,0,0,-1,-1,-2,-2,-2,-3,-3,-3,-3,-3,-4,-4,-4,-4,-4,-4,-4,-4,-4,-3,-3,-3,-3,-2,-2,-2,-1,-1,-1,0,0,0,1,1,1,1,1,2,2,2,2,2,2,2,2,2,1,1,1,1,1,1,0,0,0,0,0,0,-1,-1,-1,-1,-1,-1,-1,-1,-1,-1,-1,-1,-1,-1,-1,-1,-1,-1,-1,0,0,0,0,0,0,0,0,0,0,1,1,1,1,1,1,1,1,1,1,1,1,1,1,1,1,1,1,1,1,1,1,1,1,1,1,1,1,1,1,1,1,1,1,1,1,1,1,1,1,0,0,0,0,0,0,0,0,-1,-1,-1,-1,-1,-1,-1,-1,-1,-2,-2,-2,-2,-2,-2,-2,-1,-1,-1,-1,-1,-1,-1,-1,0,0,0,0,1,1,1,1,2,2,2,2,2,2,2,2,2,2,2,2,1,1,0,0,-1,-2,-2,-3,-4,-5,-5,-6,-6,-7,-7,-7,-7,-7,-7,-7,-7,-6,-6,-5,-4,-4,-3,-2,-2,-1,-1,-1,-1,-1,-1,-1,-2,-2,-3,-4,-5,-6,-7,-7,-8,-8,-8,-8,-7,-6,-5,-3,0,3,6,10,14,18,23,27,32,37,41,46,50,53,56,58,59,59,58,56,54,50,45,39,32,25,17,8,-2,-11,-21,-31,-40,-49,-58,-66,-73,-79,-84,-87,-90,-91,-91,-89,-86,-82,-77,-71,-63,-56,-47,-38,-28,-19,-9,0,9,17,25,32,38,43,48,51,53,55,55,55,54,52,49,46,42,38,34,30,26,22,18,14,10,7,4,2,0,-2,-3,-4,-5,-5,-5,-5,-4,-4,-3,-3,-2,-2,-1,-1,0,0,0,-1,-1,-1,-2,-2,-3,-3,-4,-5,-5,-6,-6,-7,-7,-7,-7,-7,-7,-7,-7,-6,-6,-5,-5,-4,-4,-3,-2,-2,-1,-1,0,0,0,1,1,1,1,1,1,1,1,0,0,0,0,0,-1,-1,-1,-1,-2,-2,-2,-2,-2,-2,-2,-2,-2,-2,-2,-2,-1,-1,-1,-1,-1,0,0,0,0,1,1,1,2,2,2,3,3,3,3,4,4,4,4,4,5,5,5,5,5,5,5,5,4,4,4,4,4,3,3,3,2,2,1,1,0,0,0,-1,-1,-2,-2,-3,-3,-3,-4,-4,-5,-5,-5,-5,-5,-6,-6,-6,-6,-6,-6,-6,-5,-5,-5,-5,-4,-4,-4,-3,-3,-3,-2,-2,-1,-1,0,0,1,2,2,2,3,3,4,4,4,5,5,5,5,5,5,5,5,4,4,4,3,3,2,2,2,1,1,0,0,-1,-1,-1,-2,-2,-2,-2,-2,-2,-2,-2,-2,-2,-1,-1,-1,0,0,1,1,1,2,2,3,3,4,4,4,5,5,5,5,5,5,5,5,5,4,4,3,3,2,1,0,-1,-2,-3,-4,-5,-7,-8,-9,-10,-11,-12,-13,-13,-14,-14,-14,-14,-14,-14,-13,-12,-12,-11,-10,-8,-7,-6,-5,-4,-3,-2,-2,-1,-1,0,0,0,-1,-1,-1,-1,-2,-2,-2,-2,-2,-1,0,1,3,5,7,10,14,17,21,26,30,35,39,44,48,52,55,58,61,62,63,62,61,59,55,51,45,39,32,23,14,5,-5,-16,-26,-37,-47,-56,-66,-74,-82,-88,-93,-97,-100,-101,-101,-100,-97,-92,-87,-80,-73,-64,-55,-46,-36,-25,-15,-5,5,14,23,30,38,44,49,53,57,59,60,61,60,59,57,54,51,48,44,40,36,32,28,25,21,18,15,12,9,7,5,4,3,2,1,0,0,-1,-1,-1,-2,-2,-3,-3,-4,-5,-5,-6,-7,-8,-9,-10,-11,-11,-12,-13,-13,-14,-14,-14,-14,-14,-14,-13,-13,-12,-12,-11,-10,-9,-8,-7,-6,-6,-5,-4,-3,-2,-2,-1,-1,0,0,0,1,1,1,1,2,2,2,2,3,3,3,4,4,4,5,5,6,6,6,6,7,7,7,7,7,7,7,6,6,6,5,5,5,4,4,3,3,2,1,1,0,0,-1,-1,-1,-2,-2,-2,-3,-3,-3,-3,-3,-3,-3,-3,-3,-3,-3,-3,-3,-3,-3,-3,-3,-3,-3,-3,-3,-3,-3,-3,-3,-3,-3,-3,-3,-2,-2,-2,-2,-2,-1,-1,-1,-1,0,0,0,1,1,1,1,2,2,2,2,3,3,3,3,3,3,4,4,4,4,4,4,4,4,4,4,4,4,4,3,3,3,2,2,1,1,0,-1,-1,-2,-3,-4,-5,-5,-6,-7,-8,-8,-9,-9,-10,-10,-10,-10,-10,-10,-9,-9,-8,-7,-6,-5,-5,-4,-3,-2,-2,-1,-1,-1,0,-1,-1,-1,-2,-2,-3,-4,-5,-5,-6,-6,-6,-6,-6,-5,-4,-2,0,3,6,10,14,18,23,28,32,37,42,47,51,55,59,61,63,64,64,63,61,58,54,48,42,34,26,17,7,-3,-13,-24,-35,-46,-56,-65,-74,-82,-89,-95,-99,-103,-104,-105,-103,-101,-97,-92,-85,-78,-69,-60,-50,-40,-29,-18,-8,3,12,22,30,38,45,51,56,60,63,65,66,66,65,63,61,58,55,51,47,43,39,34,30,26,23,19,16,13,10,8,6,5,3,2,1,0,-1,-2,-2,-3,-4,-4,-5,-6,-7,-8,-10,-11,-12,-14,-15,-16,-18,-19,-20,-21,-22,-22,-23,-23,-23,-23,-23,-22,-21,-20,-19,-18,-16,-15,-13,-11,-9,-7,-5,-3,-1,0,2,4,6,7,9,10,11,12,13,14,14,15,15,15,16,16,15,15,15,15,14,13,13,12,11,10,9,8,7,6,5,4,2,1,0,-1,-2,-3,-4,-5,-6,-7,-7,-8,-8,-9,-9,-10,-10,-10,-10,-10,-9,-9,-9,-9,-8,-8,-7,-6,-6,-5,-4,-4,-3,-2,-2,-1,0,0,1,2,2,3,3,4,4,5,5,5,6,6,6,6,6,6,6,6,6,6,6,5,5,4,4,4,3,2,2,1,0,0,-1,-2,-3,-3,-4,-5,-5,-6,-7,-7,-7,-8,-8,-8,-8,-8,-7,-7,-7,-6,-5,-5,-4,-3,-2,-1,0,1,2,2,3,4,5,5,6,6,7,7,7,7,7,7,7,7,7,6,6,6,6,5,5,5,5,4,4,4,4,4,3,3,3,3,2,2,2,1,0,0,-1,-2,-3,-4,-5,-6,-7,-9,-10,-11,-12,-13,-14,-14,-15,-15,-16,-16,-16,-16,-15,-15,-14,-13,-12,-11,-10,-9,-9,-8,-7,-6,-5,-4,-4,-3,-3,-2,-2,-1,-1,0,1,2,3,5,6,8,11,13,16,19,23,27,30,34,38,42,46,49,53,55,58,59,60,60,59,58,55,51,47,41,35,28,20,11,2,-7,-17,-27,-36,-46,-55,-63,-71,-78,-84,-89,-93,-96,-97,-97,-96,-93,-89,-84,-78,-72,-64,-56,-47,-37,-28,-19,-9,0,9,17,24,31,37,43,47,50,53,55,56,56,55,54,52,50,47,44,41,38,35,31,28,25,22,20,17,15,14,12,11,10,9,8,7,7,6,6,5,5,4,3,2,1,0,-1,-3,-4,-6,-8,-9,-11,-13,-15,-17,-18,-20,-21,-22,-23,-24,-24,-24,-24,-24,-24,-23,-22,-21,-20,-18,-17,-15,-13,-11,-9,-8,-6,-4,-2,0,1,3,4,5,7,8,9,10,10,11,11,12,12,12,13,13,13,13,13,13,13,13,13,13,12,12,12,12,12,11,11,10,10,9,9,8,7,6,5,4,3,2,0,-1,-2,-4,-5,-7,-8,-9,-11,-12,-13,-14,-15,-15,-16,-16,-16,-16,-16,-16,-15,-15,-14,-13,-12,-10,-9,-8,-6,-5,-3,-2,0,1,2,3,4,5,6,7,7,7,8,8,8,8,8,7,7,7,6,6,6,5,5,5,5,5,4,4,4,4,4,4,4,4,5,5,5,5,4,4,4,4,3,3,2,1,1,0,-1,-2,-3,-4,-5,-6,-6,-7,-8,-9,-9,-10,-10,-10,-10,-10,-9,-9,-8,-8,-7,-6,-5,-4,-3,-2,0,1,2,3,4,5,5,6,7,7,7,8,8,8,8,7,7,7,6,6,5,5,4,4,3,3,2,2,2,1,1,1,1,1,0,0,0,0,0,0,0,-1,-1,-1,-1,-2,-2,-3,-3,-4,-4,-5,-5,-6,-6,-6,-6,-7,-7,-6,-6,-6,-5,-5,-4,-3,-2,-1,0,1,2,3,4,5,5,6,7,7,7,7,7,7,6,5,5,4,2,1,0,-1,-3,-4,-5,-6,-7,-8,-8,-9,-9,-9,-9,-9,-9,-8,-8,-7,-7,-6,-5,-5,-4,-4,-4,-4,-4,-4,-5,-5,-6,-6,-7,-7,-8,-8,-9,-8,-8,-7,-6,-4,-2,0,3,7,11,15,19,24,29,34,39,44,49,53,56,59,61,63,63,62,61,58,54,49,43,36,29,20,11,1,-9,-19,-29,-39,-48,-57,-66,-73,-79,-85,-89,-91,-93,-93,-92,-89,-85,-80,-74,-67,-59,-51,-42,-32,-23,-14,-4,4,13,20,27,34,39,43,47,49,51,51,51,50,48,46,43,40,36,32,29,25,21,17,14,11,8,6,4,2,1,0,0,-1,-1,0,0,1,2,2,3,4,4,5,5,5,5,5,4,4,3,2,1,0,-1,-2,-3,-4,-5,-6,-7,-8,-8,-9,-9,-9,-10,-10,-9,-9,-9,-8,-8,-7,-7,-6,-6,-5,-4,-4,-3,-3,-3,-2,-2,-2,-2,-2,-2,-2,-2,-2,-2,-2,-2,-2,-2,-2,-2,-2,-2,-2,-2,-1,-1,-1,-1,0,0,1,1,2,2,3,3,4,4,5,5,5,6,6,6,6,6,6,6,6,6,6,5,5,4,4,3,3,2,1,1,0,0,-1,-2,-2,-2,-3,-3,-3,-3,-3,-3,-3,-3,-3,-3,-3,-3,-2,-2,-2,-2,-2,-2,-2,-2,-2,-2,-2,-2,-2,-2,-2,-2,-3,-3,-3,-3,-3,-3,-3,-3,-3,-3,-3,-2,-2,-2,-1,-1,0,0,1,1,2,2,3,3,4,4,5,5,5,6,6,6,6,6,6,6,6,6,6,5,5,5,4,4,4,3,3,2,2,1,1,0,-1,-1,-2,-2,-3,-4,-4,-5,-5,-6,-6,-7,-7,-7,-7,-7,-7,-7,-6,-6,-5,-5,-4,-3,-2,-2,-1,0,1,2,2,3,3,3,3,3,3,3,3,2,1,0,0,-1,-2,-3,-4,-5,-6,-6,-7,-7,-7,-7,-7,-7,-6,-6,-5,-4,-3,-2,-1,-1,0,1,2,2,2,3,3,2,2,1,1,0,-1,-2,-2,-3,-3,-4,-3,-3,-2,-1,1,3,5,8,12,15,19,23,27,32,36,40,43,47,49,51,53,53,53,51,49,45,41,36,30,23,15,6,-3,-12,-21,-31,-40,-49,-57,-65,-72,-78,-83,-87,-89,-90,-90,-89,-86,-82,-77,-71,-64,-56,-47,-38,-29,-19,-9,0,9,18,26,33,39,45,49,53,56,57,58,57,56,54,52,48,45,40,36,32,27,23,18,14,10,7,4,1,-1,-3,-4,-5,-6,-6,-6,-5,-5,-4,-3,-2,-1,0,1,1,2,2,2,2,2,2,1,1,0,-1,-2,-3,-4,-5,-6,-7,-8,-9,-9,-10,-10,-11,-11,-11,-11,-10,-10,-9,-9,-8,-7,-6,-5,-5,-4,-3,-2,-2,-1,0,0,0,1,1,1,1,1,0,0,0,0,-1,-1,-2,-2,-2,-2,-3,-3,-3,-2,-2,-2,-1,-1,0,1,1,2,3,4,5,6,7,8,8,9,10,10,10,11,11,10,10,10,9,8,8,7,6,4,3,2,1,0,-1,-2,-3,-4,-5,-6,-6,-7,-7,-7,-7,-7,-7,-7,-6,-6,-5,-5,-4,-4,-4,-3,-3,-2,-2,-2,-2,-1,-1,-1,-1,-2,-2,-2,-2,-2,-2,-2,-3,-3,-3,-3,-2,-2,-2,-2,-2,-1,-1,0,0,1,1,2,2,3,3,4,4,5,5,5,6,6,6,7,7,7,7,7,7,7,7,7,6,6,6,5,5,4,3,2,2,1,-1,-2,-3,-4,-5,-6,-8,-9,-10,-11,-12,-12,-13,-13,-14,-14,-14,-13,-13,-12,-12,-11,-10,-9,-8,-6,-5,-4,-3,-2,-2,-1,-1,0,0,0,-1,-1,-1,-2,-3,-3,-4,-4,-4,-4,-4,-3,-2,0,2,4,7,10,14,18,22,27,32,37,41,46,50,54,57,60,61,62,63,62,60,57,52,47,41,34,26,17,8,-2,-12,-23,-33,-43,-53,-62,-71,-78,-85,-90,-95,-97,-99,-99,-98,-96,-92,-87,-81,-73,-65,-57,-47,-38,-28,-18,-8,2,11,19,27,34,41,46,50,54,56,58,58,58,57,55,53,50,47,43,40,36,32,28,25,21,18,15,13,11,9,7,6,5,4,4,3,3,3,3,3,3,2,2,2,1,0,0,-1,-2,-3,-5,-6,-7,-9,-10,-11,-12,-14,-15,-16,-16,-17,-17,-18,-18,-18,-18,-18,-17,-17,-16,-15,-14,-14,-13,-12,-10,-9,-8,-7,-6,-5,-4,-3,-2,-1,0,1,2,3,4,5,6,7,7,8,9,9,10,10,11,11,11,11,11,11,11,11,11,11,11,10,10,9,9,8,8,7,6,6,5,4,3,3,2,1,0,0,-1,-2,-2,-3,-4,-4,-5,-5,-6,-6,-7,-7,-7,-8,-8,-8,-8,-8,-8,-8,-8,-8,-8,-8,-7,-7,-7,-6,-6,-5,-5,-4,-4,-3,-3,-2,-2,-1,-1,0,0,1,1,2,2,2,2,3,3,3,3,3,3,3,3,3,3,3,3,3,3,3,3,3,3,3,4,4,4,4,4,5,5,5,6,6,6,7,7,7,7,7,7,7,7,7,7,7,6,6,6,5,4,4,3,2,1,0,0,-1,-2,-3,-4,-5,-6,-7,-8,-9,-10,-11,-12,-13,-14,-15,-16,-16,-17,-17,-18,-18,-18,-18,-18,-18,-17,-17,-16,-15,-14,-12,-11,-9,-8,-6,-4,-2,-1,1,3,5,6,7,9,9,10,11,11,11,11,10,9,9,8,7,6,5,4,3,3,3,3,4,5,6,8,11,14,17,21,25,29,33,37,42,46,50,53,56,59,60,61,60,59,57,53,49,43,36,29,20,11,1,-10,-20,-31,-42,-53,-63,-73,-81,-89,-96,-102,-106,-109,-110,-110,-108,-105,-101,-95,-88,-79,-70,-60,-50,-39,-28,-16,-5,6,16,25,34,42,49,55,60,64,67,69,69,69,68,66,63,60,56,52,48,43,39,34,30,26,22,18,15,12,9,7,5,3,2,1,0,-1,-2,-3,-3,-4,-5,-5,-6,-7,-8,-9,-9,-10,-11,-13,-13,-14,-15,-16,-17,-17,-18,-18,-18,-18,-17,-17,-16,-15,-14,-13,-12,-11,-10,-9,-7,-6,-5,-4,-3,-2,-1,0,1,2,2,3,3,3,4,4,4,5,5,5,5,6,6,6,7,7,7,8,8,8,8,9,9,9,9,9,9,9,8,8,7,6,6,5,4,3,2,0,-1,-2,-3,-4,-6,-7,-8,-9,-10,-10,-11,-11,-12,-12,-12,-12,-12,-11,-11,-10,-10,-9,-8,-7,-6,-5,-3,-2,-1,0,1,2,3,4,5,6,7,7,8,8,9,9,9,9,9,9,9,8,8,8,7,7,6,6,5,5,4,4,3,3,3,2,2,2,1,1,1,1,1,1,1,1,1,1,1,1,1,1,0,0,0,0,-1,-1,-2,-3,-4,-5,-6,-7,-8,-9,-10,-12,-13,-14,-15,-16,-17,-18,-18,-19,-19,-19,-19,-18,-17,-16,-15,-14,-12,-10,-8,-6,-4,-2,1,3,5,6,8,10,11,12,12,12,12,12,11,10,9,8,7,5,4,3,2,1,0,0,1,1,3,5,7,10,13,17,21,26,31,36,40,45,49,53,57,60,62,63,63,62,60,57,52,47,40,33,24,15,5,-6,-17,-28,-39,-50,-61,-71,-80,-88,-95,-101,-106,-109,-111,-111,-109,-106,-102,-96,-89,-80,-71,-61,-50,-39,-28,-17,-5,5,16,26,35,43,50,56,61,65,67,69,69,69,68,65,63,59,55,51,46,42,37,32,28,24,20,16,13,10,7,5,4,2,1,0,-1,-1,-2,-2,-2,-3,-3,-4,-4,-5,-6,-7,-8,-9,-10,-12,-13,-14,-16,-17,-18,-19,-20,-20,-21,-21,-21,-20,-20,-19,-18,-17,-16,-15,-13,-12,-10,-8,-7,-5,-3,-2,0,1,2,3,4,5,6,7,7,8,8,9,9,9,9,9,10,10,10,10,10,10,10,11,11,11,11,11,11,11,11,11,11,10,10,10,9,8,8,7,6,5,4,3,2,1,-1,-2,-3,-4,-5,-7,-8,-9,-10,-11,-11,-12,-13,-13,-13,-13,-13,-13,-13,-13,-12,-12,-11,-10,-9,-9,-8,-7,-6,-6,-5,-4,-4,-4,-3,-3,-3,-3,-3,-3,-3,-3,-3,-3,-3,-3,-3,-3,-3,-2,-2,-1,0,0,1,2,3,4,5,6,7,8,8,9,9,9,9,8,7,7,5,4,2,1,-1,-3,-4,-6,-7,-8,-9,-9,-9,-8,-7,-5,-3,0,3,7,12,16,21,26,31,37,41,46,50,54,56,58,59,60,59,56,53,49,43,37,29,21,12,2,-8,-18,-28,-39,-49,-58,-67,-74,-81,-87,-91,-95,-96,-97,-95,-93,-89,-84,-78,-70,-62,-53,-44,-34,-24,-14,-4,6,15,23,31,38,44,49,53,56,58,59,59,58,56,54,51,47,43,39,35,31,26,22,18,14,11,7,5,2,0,-2,-3,-4,-5,-6,-6,-6,-7,-7,-7,-6,-6,-6,-6,-7,-7,-7,-7,-7,-7,-7,-8,-8,-8,-8,-8,-7,-7,-7,-6,-5,-5,-4,-3,-2,-1,0,1,1,2,3,3,4,4,5,5,5,5,4,4,4,3,3,2,2,1,0,0,-1,-1,-1,-2,-2,-2,-2,-2,-2,-2,-2,-1,-1,-1,-1,-1,-1,0,0,0,0,-1,-1,-1,-1,-2,-2,-3,-3,-3,-4,-4,-4,-5,-5,-5,-5,-5,-5,-4,-4,-3,-3,-2,-1,-1,0,1,2,3,4,4,5,6,6,7,7,8,8,8,8,8,8,7,7,6,5,5,4,3,2,1,1,0,-1,-2,-2,-3,-3,-4,-4,-4,-4,-4,-4,-4,-4,-3,-3,-3,-2,-2,-1,-1,-1,-1,0,0,-1,-1,-1,-2,-2,-3,-4,-5,-6,-7,-8,-9,-9,-10,-11,-11,-12,-12,-12,-12,-11,-11,-10,-9,-8,-6,-5,-4,-2,-1,1,2,4,5,6,7,7,8,8,8,7,7,6,5,4,3,3,2,1,1,1,1,2,3,4,6,8,11,14,17,21,25,29,33,37,41,44,47,50,51,53,53,52,51,48,45,40,35,28,21,13,5,-4,-14,-23,-33,-42,-51,-60,-68,-75,-81,-86,-90,-92,-94,-94,-92,-90,-86,-81,-75,-68,-60,-51,-42,-33,-23,-14,-4,5,14,22,29,36,41,46,50,53,55,56,57,56,55,53,50,47,44,41,37,33,30,26,23,19,17,14,12,10,8,7,6,5,4,4,4,4,3,3,3,3,2,2,1,1,0,-1,-2,-3,-5,-6,-7,-9,-10,-12,-13,-14,-15,-16,-17,-17,-17,-18,-18,-18,-17,-17,-16,-16,-15,-14,-13,-12,-11,-10,-9,-8,-7,-6,-5,-4,-2,-1,0,0,1,2,3,4,5,5,6,7,7,8,8,9,9,9,9,9,9,9,9,8,8,8,7,7,6,6,5,5,4,4,3,3,2,2,2,2,2,1,1,1,1,1,1,1,1,1,1,1,1,1,0,0,0,-1,-1,-2,-2,-3,-4,-4,-5,-5,-6,-6,-7,-7,-7,-7,-7,-7,-7,-7,-7,-6,-6,-5,-5,-4,-3,-3,-2,-2,-1,-1,0,0,0,1,1,1,1,1,1,0,0,0,0,0,-1,-1,-1,-1,-1,-1,-1,0,0,0,1,1,2,3,3,4,5,5,6,7,7,8,8,8,9,9,9,9,9,9,8,8,8,7,7,6,6,5,5,4,4,3,3,2,2,1,1,1,0,0,0,-1,-1,-2,-3,-3,-4,-5,-6,-7,-8,-9,-11,-12,-13,-15,-16,-17,-18,-19,-20,-21,-21,-21,-21,-21,-21,-20,-19,-18,-16,-15,-13,-11,-9,-7,-5,-3,-1,0,2,3,5,6,7,7,7,8,8,8,8,7,7,7,7,8,8,9,10,12,14,16,19,22,26,30,34,38,42,46,50,54,58,60,63,64,65,65,63,61,58,53,48,41,34,25,16,6,-5,-15,-26,-37,-48,-59,-69,-78,-86,-94,-100,-105,-108,-110,-111,-110,-107,-104,-98,-92,-85,-76,-67,-57,-46,-36,-25,-14,-4,6,16,25,33,40,46,51,56,59,61,62,63,62,61,59,57,54,50,47,43,39,36,32,28,25,22,19,17,15,13,11,10,9,8,7,6,5,5,4,3,3,2,1,0,-2,-3,-4,-6,-7,-9,-10,-12,-13,-15,-16,-17,-18,-18,-19,-19,-19,-19,-18,-18,-17,-16,-15,-14,-13,-12,-11,-9,-8,-7,-6,-5,-4,-3,-2,-1,0,0,1,1,1,2,2,2,2,3,3,3,3,4,4,4,4,5,5,6,6,6,7,7,7,8,8,8,8,8,8,8,8,7,7,6,6,5,5,4,3,2,2,1,0,-1,-2,-2,-3,-4,-4,-5,-5,-6,-6,-6,-6,-7,-7,-7,-6,-6,-6,-6,-6,-5,-5,-5,-4,-4,-4,-3,-3,-2,-2,-2,-1,-1,-1,0,0,0,1,1,1,1,2,2,2,2,2,2,2,2,3,3,3,3,3,3,3,3,3,3,3,3,3,3,3,3,3,3,4,4,4,4,4,4,4,4,4,4,4,4,4,3,3,3,2,1,0,-1,-2,-3,-4,-5,-6,-8,-9,-10,-11,-12,-13,-14,-15,-15,-15,-15,-15,-15,-14,-13,-12,-11,-10,-9,-7,-6,-4,-3,-1,0,1,2,3,3,3,4,3,3,2,2,1,0,-1,-1,-2,-2,-2,-2,-1,0,1,3,5,8,12,16,20,24,29,34,38,43,48,52,55,58,61,62,63,62,61,58,54,50,44,37,29,20,10,0,-10,-21,-31,-42,-52,-62,-71,-79,-86,-92,-96,-100,-101,-102,-101,-98,-94,-89,-82,-75,-67,-57,-48,-37,-27,-17,-6,4,13,22,30,37,44,49,53,56,58,60,60,59,58,55,52,49,45,41,37,33,28,24,20,17,13,10,8,5,3,2,1,0,-1,-1,-1,-1,-1,-1,-1,-1,-1,-1,-1,-1,-1,-2,-2,-3,-4,-4,-5,-6,-6,-7,-8,-8,-9,-9,-9,-9,-9,-9,-9,-8,-8,-7,-7,-6,-6,-5,-5,-4,-3,-3,-3,-2,-2,-2,-2,-2,-1,-1,-2,-2,-2,-2,-2,-2,-2,-2,-2,-2,-1,-1,-1,-1,0,0,0,0,1,1,1,2,2,2,2,2,2,2,2,2,2,2,2,2,2,2,2,1,1,1,1,1,1,1,1,1,1,1,2,2,2,2,2,2,2,2,3,3,3,3,3,3,3,3,2,2,2,2,2,1,1,1,0,0,-1,-1,-1,-2,-2,-3,-3,-4,-4,-4,-5,-5,-5,-6,-6,-6,-6,-6,-6,-6,-6,-6,-6,-6,-6,-5,-5,-4,-4,-3,-3,-2,-1,-1,0,1,2,2,3,4,5,5,6,7,7,8,8,9,9,9,10,10,10,10,10,9,9,9,8,7,7,6,5,4,3,2,0,-1,-2,-4,-5,-6,-7,-8,-9,-10,-11,-11,-12,-12,-12,-12,-12,-12,-11,-11,-10,-9,-9,-8,-7,-6,-6,-5,-5,-4,-4,-4,-4,-5,-5,-6,-7,-8,-9,-9,-10,-11,-11,-12,-11,-11,-10,-9,-7,-5,-2,1,5,9,13,18,24,29,35,40,46,51,56,60,63,66,69,70,70,69,67,64,59,54,47,40,32,22,13,2,-8,-19,-30,-40,-50,-60,-69,-77,-84,-89,-94,-97,-99,-99,-98,-96,-92,-87,-81,-74,-66,-58,-49,-39,-29,-20,-10,-1,8,16,24,30,36,41,45,48,51,52,52,52,51,49,47,44,41,38,35,31,28,25,21,19,16,14,12,10,9,7,7,6,6,6,6,6,6,6,6,6,6,5,5,4,4,3,2,1,0,-2,-3,-4,-5,-7,-8,-9,-10,-11,-12,-12,-13,-13,-13,-13,-13,-13,-13,-13,-13,-12,-12,-11,-11,-11,-10,-10,-10,-9,-9,-9,-9,-8,-8,-8,-7,-7,-6,-5,-5,-4,-3,-2,-1,0,1,2,3,5,6,7,8,9,11,11,12,13,14,14,14,15,15,15,14,14,13,13,12,11,10,9,8,7,6,5,4,3,2,1,0,-1,-1,-2,-3,-4,-4,-5,-5,-6,-6,-7,-7,-8,-8,-9,-9,-9,-10,-10,-10,-11,-11,-11,-11,-11,-11,-11,-11,-10,-10,-10,-9,-8,-8,-7,-6,-6,-5,-4,-3,-2,-1,0,1,2,3,4,4,5,6,7,7,8,8,9,9,9,10,10,10,10,10,10,10,10,9,9,9,8,8,8,7,7,6,6,5,4,4,3,3,2,2,1,0,0,-1,-1,-1,-2,-2,-3,-3,-3,-4,-4,-4,-4,-4,-5,-5,-5,-5,-6,-6,-6,-6,-7,-7,-7,-7,-8,-8,-8,-8,-9,-9,-9,-9,-9,-9,-9,-8,-8,-7,-7,-6,-5,-4,-3,-2,-1,0,2,3,4,5,7,8,9,10,11,12,12,13,13,14,14,13,13,13,12,12,11,10,9,8,7,6,4,3,2,1,0,-1,-1,-2,-2,-3,-3,-3,-3,-3,-3,-3,-3,-2,-2,-2,-1,-1,-1,-1,-1,-1,-2,-2,-3,-4,-4,-5,-7,-8,-9,-10,-12,-13,-14,-15,-16,-17,-17,-18,-18,-18,-17,-17,-16,-15,-13,-12,-10,-8,-6,-4,-2,0,2,3,5,6,7,8,9,9,9,9,9,8,8,7,7,6,5,5,5,5,5,6,8,9,11,14,17,20,23,27,31,35,39,42,46,49,51,53,55,55,55,54,51,48,44,38,32,25,17,8,-1,-10,-20,-30,-40,-50,-59,-67,-75,-82,-88,-93,-96,-98,-99,-99,-97,-94,-89,-83,-77,-69,-60,-51,-42,-32,-21,-11,-1,8,17,26,33,40,46,51,55,58,60,61,61,61,59,57,54,51,47,44,40,35,31,27,23,20,16,13,10,8,6,4,3,1,0,0,-1,-1,-1,-2,-2,-2,-2,-3,-3,-3,-4,-4,-5,-6,-7,-7,-8,-9,-10,-10,-11,-12,-12,-12,-13,-13,-12,-12,-12,-11,-11,-10,-9,-8,-8,-7,-6,-5,-4,-3,-2,-2,-1,-1,0,0,1,1,1,1,1,1,1,1,1,1,0,0,0,0,0,0,0,0,0,1,1,1,1,1,2,2,2,2,2,2,2,2,2,2,2,2,2,2,2,2,2,2,1,1,1,1,1,1,1,1,1,1,1,1,1,1,1,1,1,1,1,1,1,2,2,2,2,2,2,1,1,1,1,1,1,0,0,0,0,-1,-1,-1,-1,-1,-2,-2,-2,-2,-2,-2,-2,-2,-2,-2,-2,-2,-2,-2,-2,-2,-2,-2,-2,-3,-3,-3,-3,-3,-3,-3,-3,-3,-4,-4,-4,-4,-4,-4,-3,-3,-3,-3,-2,-2,-1,-1,0,1,1,2,3,3,4,5,6,6,7,7,8,8,9,9,9,9,9,9,8,8,8,7,6,6,5,4,3,3,2,1,0,-1,-1,-2,-3,-3,-4,-4,-5,-5,-5,-6,-6,-6,-6,-6,-5,-5,-5,-5,-4,-4,-4,-3,-3,-2,-2,-2,-1,-1,-1,-1,0,0,0,0,0,0,-1,-1,-1,-2,-2,-2,-3,-3,-4,-4,-4,-5,-5,-5,-5,-5,-5,-5,-4,-4,-4,-3,-2,-2,-1,0,0,1,1,2,2,2,2,2,1,1,0,-1,-2,-4,-5,-6,-8,-9,-10,-11,-12,-12,-12,-12,-11,-10,-8,-6,-3,1,5,10,14,20,25,31,36,42,47,52,57,61,64,66,67,68,67,65,61,57,52,45,37,29,19,9,-1,-12,-23,-34,-45,-55,-65,-73,-81,-88,-93,-97,-100,-101,-101,-99,-96,-91,-86,-79,-71,-62,-52,-42,-32,-22,-11,-1,8,17,26,33,40,45,50,53,56,57,57,57,55,53,51,47,43,39,35,31,27,23,19,15,12,9,7,5,4,3,2,2,2,2,2,3,4,4,5,5,6,6,6,6,5,5,4,3,1,0,-2,-3,-5,-7,-9,-10,-12,-13,-14,-15,-16,-17,-17,-17,-17,-17,-16,-16,-15,-14,-13,-12,-11,-9,-8,-7,-6,-4,-3,-2,-1,0,1,1,2,3,3,4,4,5,5,5,6,6,6,6,7,7,7,7,8,8,8,8,8,8,8,8,8,7,7,7,6,6,5,4,3,2,1,0,0,-1,-2,-3,-4,-5,-6,-7,-7,-8,-8,-8,-8,-8,-8,-8,-8,-7,-6,-6,-5,-4,-3,-2,-1,-1,0,1,2,3,3,4,4,5,5,5,5,5,5,4,4,3,3,2,2,1,0,0,-1,-1,-2,-2,-3,-3,-3,-3,-3,-3,-3,-3,-2,-2,-1,-1,0,0,1,1,1,2,2,2,3,3,3,3,2,2,2,1,1,0,0,-1,-1,-2,-2,-3,-4,-4,-4,-5,-5,-5,-5,-5,-5,-5,-4,-4,-3,-3,-2,-1,0,1,2,3,4,5,6,7,8,9,10,11,11,12,12,12,12,12,12,11,10,9,8,7,6,4,2,1,-1,-3,-5,-6,-8,-10,-11,-12,-13,-14,-15,-16,-16,-16,-16,-16,-16,-15,-15,-14,-13,-13,-12,-11,-11,-10,-10,-9,-9,-9,-9,-9,-9,-10,-10,-10,-11,-11,-11,-11,-10,-9,-8,-6,-4,-1,2,5,9,14,19,24,29,35,40,46,51,56,61,65,69,71,73,74,74,72,70,66,61,55,48,40,31,22,12,1,-10,-21,-32,-43,-53,-63,-71,-79,-86,-92,-96,-99,-101,-101,-99,-97,-93,-88,-82,-75,-67,-58,-49,-40,-30,-21,-12,-3,6,13,20,27,32,37,41,44,46,47,47,47,46,44,42,40,37,35,32,29,27,24,22,20,18,17,16,15,14,14,13,13,13,13,13,14,13,13,13,12,12,11,10,8,7,5,4,2,0,-2,-4,-6,-8,-10,-11,-13,-14,-15,-16,-17,-17,-17,-17,-17,-16,-16,-15,-14,-13,-12,-11,-10,-9,-9,-8,-7,-7,-6,-6,-5,-5,-5,-5,-5,-4,-4,-4,-4,-4,-4,-4,-3,-3,-2,-2,-1,0,1,2,3,4,5,6,7,8,8,9,10,11,11,11,11,12,11,11,11,10,10,9,8,7,6,6,5,4,3,2,1,0,-1,-2,-2,-3,-3,-4,-4,-4,-4,-4,-4,-4,-4,-4,-4,-4,-4,-4,-4,-4,-4,-4,-4,-5,-5,-5,-5,-5,-5,-5,-6,-6,-5,-5,-5,-5,-5,-4,-4,-3,-3,-2,-1,-1,0,1,2,3,3,4,5,5,6,6,7,7,7,7,7,7,7,6,6,6,5,5,4,3,3,2,2,1,0,0,-1,-1,-1,-2,-2,-2,-2,-2,-2,-2,-2,-2,-2,-2,-2,-2,-1,-1,-1,-1,-1,-1,-1,0,0,0,0,0,0,0,0,0,1,1,1,1,1,1,1,1,1,1,1,0,0,0,0,-1,-1,-1,-2,-2,-3,-3,-3,-4,-4,-5,-5,-5,-5,-5,-5,-5,-5,-5,-5,-4,-4,-3,-2,-2,-1,0,1,1,2,3,4,5,5,6,6,7,7,8,8,8,8,8,7,7,7,6,6,5,4,3,3,2,1,0,-1,-1,-2,-3,-3,-4,-4,-5,-5,-5,-5,-5,-5,-5,-5,-5,-4,-4,-4,-3,-3,-2,-1,-1,0,1,1,2,2,3,4,4,5,5,6,6,6,7,7,7,7,7,7,7,7,6,6,5,4,4,3,2,1,0,-1,-3,-4,-5,-7,-8,-9,-10,-11,-12,-13,-14,-15,-15,-16,-16,-16,-16,-15,-15,-14,-14,-13,-12,-11,-10,-9,-8,-7,-6,-5,-4,-4,-4,-3,-3,-3,-3,-3,-3,-4,-4,-4,-3,-3,-2,-1,0,1,3,6,9,12,15,19,24,28,33,37,42,47,51,55,59,62,65,66,67,67,66,64,61,57,52,45,38,30,22,12,2,-8,-18,-29,-39,-49,-59,-68,-76,-83,-89,-94,-98,-100,-101,-101,-99,-96,-92,-87,-81,-74,-66,-57,-48,-39,-29,-20,-10,-1,7,15,23,29,35,40,45,48,50,52,53,53,53,52,50,48,46,43,40,38,35,32,29,26,24,21,19,17,15,13,12,10,9,8,7,6,5,4,3,2,1,0,-1,-2,-3,-4,-5,-6,-7,-8,-9,-9,-10,-11,-11,-11,-11,-11,-11,-11,-11,-11,-10,-10,-9,-9,-9,-8,-8,-8,-7,-7,-7,-7,-7,-7,-7,-7,-8,-8,-8,-8,-8,-8,-8,-8,-7,-7,-6,-6,-5,-4,-3,-2,-1,0,2,3,4,5,7,8,9,9,10,11,11,12,12,12,12,11,11,10,10,9,8,7,6,6,5,4,3,2,2,1,1,0,0,0,0,-1,-1,-1,-1,-1,-1,-1,-1,-1,-1,-1,-1,-2,-2,-2,-3,-3,-4,-4,-5,-5,-6,-6,-7,-7,-8,-8,-8,-8,-9,-8,-8,-8,-8,-7,-7,-6,-5,-5,-4,-3,-2,-1,0,1,1,2,3,4,4,5,5,6,6,6,6,6,6,6,6,6,5,5,5,4,4,4,3,3,2,2,2,2,1,1,1,1,1,1,1,1,1,1,1,1,1,1,1,1,1,1,1,1,0,0,0,0,0,-1,-1,-1,-2,-2,-2,-2,-3,-3,-3,-3,-3,-3,-3,-3,-3,-3,-3,-3,-3,-3,-2,-2,-2,-1,-1,-1,0,0,0,1,1,1,1,2,2,2,2,2,2,2,1,1,1,1,1,1,1,1,1,1,1,1,1,2,2,2,3,3,3,4,4,4,5,5,5,5,5,4,4,3,3,2,1,0,-2,-3,-4,-5,-7,-8,-9,-10,-11,-12,-13,-14,-14,-14,-14,-14,-13,-13,-12,-11,-10,-9,-8,-7,-6,-5,-4,-3,-3,-2,-2,-2,-2,-2,-3,-3,-3,-4,-4,-4,-4,-4,-4,-3,-1,0,3,5,8,12,16,20,25,30,35,40,44,49,54,58,61,64,66,67,67,65,63,60,56,50,43,36,27,18,8,-2,-13,-24,-35,-46,-56,-65,-74,-82,-89,-95,-99,-102,-103,-103,-102,-99,-95,-89,-82,-75,-66,-57,-47,-37,-26,-16,-5,4,14,23,31,38,44,49,53,57,59,60,60,59,58,56,53,50,46,42,38,34,30,26,22,19,15,13,10,8,6,5,4,3,2,2,2,2,2,2,2,2,1,1,1,0,0,-1,-2,-3,-5,-6,-7,-9,-10,-12,-13,-14,-15,-17,-17,-18,-19,-19,-19,-19,-19,-18,-18,-17,-16,-15,-14,-13,-12,-10,-9,-7,-6,-4,-3,-1,0,1,3,4,5,6,8,9,10,11,11,12,13,13,14,14,15,15,15,15,15,15,14,14,13,13,12,11,10,9,8,7,6,5,4,3,1,0,-1,-2,-3,-4,-5,-6,-7,-8,-9,-9,-10,-11,-11,-12,-12,-12,-13,-13,-13,-13,-13,-13,-13,-13,-13,-12,-12,-12,-11,-11,-10,-10,-9,-8,-7,-6,-5,-4,-3,-2,-1,0,1,2,4,5,6,7,9,10,11,12,13,14,14,15,16,16,16,16,16,16,16,16,15,14,13,13,11,10,9,8,7,5,4,2,1,0,-1,-3,-4,-5,-6,-7,-8,-8,-9,-9,-10,-10,-10,-10,-10,-10,-10,-10,-10,-10,-10,-9,-9,-9,-8,-8,-8,-8,-7,-7,-7,-7,-6,-6,-6,-5,-5,-4,-4,-3,-2,-1,0,1,2,3,4,5,6,7,8,9,10,11,11,12,12,13,13,12,12,12,11,10,9,8,7,5,4,3,1,0,-2,-3,-4,-5,-6,-7,-8,-8,-9,-9,-9,-9,-9,-9,-9,-9,-9,-9,-9,-9,-9,-9,-10,-10,-11,-12,-12,-13,-14,-15,-15,-15,-16,-16,-15,-14,-13,-11,-9,-6,-3,1,5,9,14,20,25,31,36,42,47,52,56,60,64,66,68,68,68,66,63,59,55,49,42,34,26,16,7,-3,-13,-23,-33,-43,-52,-60,-68,-75,-80,-84,-87,-89,-90,-89,-87,-84,-80,-74,-68,-61,-53,-45,-37,-28,-19,-11,-3,5,12,19,24,29,34,37,39,41,42,42,42,41,39,37,35,32,29,26,23,21,18,16,13,12,10,9,8,7,7,6,6,7,7,7,8,8,8,9,9,9,9,8,8,7,7,6,5,3,2,1,0,-2,-3,-4,-5,-6,-7,-8,-8,-9,-9,-9,-9,-9,-9,-9,-9,-8,-8,-8,-7,-7,-6,-6,-6,-5,-5,-5,-5,-5,-5,-5,-5,-5,-5,-5,-5,-5,-5,-5,-5,-5,-5,-4,-4,-4,-3,-3,-2,-2,-1,-1,0,1,1,2,3,4,4,5,6,6,7,7,8,8,9,9,9,9,9,8,8,8,7,7,6,5,5,4,3,2,1,1,0,-1,-2,-2,-3,-4,-4,-4,-5,-5,-5,-5,-5,-5,-5,-5,-4,-4,-4,-3,-3,-2,-2,-2,-2,-1,-1,-1,-1,-1,-1,-1,-1,-2,-2,-2,-2,-3,-3,-3,-3,-3,-3,-3,-3,-3,-3,-2,-2,-2,-1,0,0,1,2,3,3,4,5,6,6,7,7,8,8,8,8,8,8,8,7,7,6,6,5,4,3,3,2,1,0,0,-1,-1,-2,-2,-2,-3,-3,-3,-3,-3,-3,-3,-3,-3,-3,-3,-3,-4,-4,-5,-5,-6,-6,-7,-8,-8,-9,-10,-10,-11,-11,-11,-12,-12,-11,-11,-10,-10,-9,-8,-7,-6,-4,-3,-2,0,1,2,3,4,5,5,5,5,5,5,4,3,3,2,1,0,-1,-1,-2,-2,-1,0,1,2,4,7,10,13,17,21,26,30,35,39,43,47,51,53,56,57,58,58,56,54,51,46,41,34,27,19,10,1,-9,-19,-29,-39,-49,-58,-67,-75,-82,-87,-92,-95,-97,-98,-97,-95,-91,-87,-81,-74,-66,-58,-48,-39,-29,-19,-9,1,10,18,26,34,40,45,50,53,56,57,58,58,57,55,53,50,46,43,39,35,31,27,23,20,17,14,11,9,7,5,4,3,2,2,2,1,1,1,2,2,2,2,1,1,1,0,0,-1,-2,-3,-3,-4,-5,-6,-7,-8,-9,-10,-10,-11,-11,-12,-12,-12,-12,-12,-12,-12,-12,-11,-11,-11,-10,-10,-9,-9,-9,-8,-8,-7,-7,-7,-6,-6,-6,-5,-5,-4,-4,-3,-3,-2,-2,-1,-1,0,1,1,2,3,4,4,5,6,6,7,7,8,8,9,9,9,10,10,10,10,10,10,10,10,10,10,9,9,9,8,8,7,6,6,5,4,3,3,2,1,0,-1,-2,-3,-3,-4,-5,-6,-6,-7,-8,-8,-9,-9,-9,-9,-9,-9,-9,-9,-9,-8,-8,-7,-7,-6,-6,-5,-5,-4,-4,-3,-3,-2,-2,-1,-1,-1,0,0,0,0,0,0,0,0,0,0,0,1,1,1,1,1,1,1,2,2,2,3,3,4,4,5,5,6,6,7,7,8,8,9,9,9,9,9,9,9,8,8,7,6,6,5,4,3,2,0,-1,-2,-3,-4,-5,-6,-7,-7,-8,-8,-9,-9,-9,-9,-9,-9,-8,-8,-7,-7,-6,-5,-4,-4,-3,-2,-1,-1,0,1,2,2,3,3,3,4,4,4,4,4,4,4,4,4,4,3,3,3,2,1,1,0,-1,-2,-3,-3,-4,-5,-6,-7,-8,-9,-9,-10,-10,-11,-11,-11,-11,-11,-10,-10,-9,-9,-8,-7,-6,-5,-4,-3,-2,-1,0,0,1,1,2,2,2,2,3,3,3,3,3,3,4,5,6,7,8,10,13,15,18,21,24,28,32,35,39,43,46,49,52,54,55,56,55,55,53,50,46,41,35,29,21,13,4,-5,-15,-25,-35,-44,-54,-63,-72,-79,-86,-92,-97,-100,-102,-103,-102,-100,-97,-92,-86,-79,-71,-62,-53,-43,-33,-22,-12,-2,8,18,26,34,42,48,53,58,61,63,64,65,64,63,61,59,55,52,48,44,40,36,32,28,24,21,18,15,12,10,8,7,5,4,4,3,2,2,1,1,0,0,-1,-2,-3,-4,-5,-6,-8,-9,-10,-12,-13,-14,-15,-17,-18,-18,-19,-19,-19,-19,-19,-19,-18,-17,-16,-15,-14,-13,-11,-10,-8,-7,-5,-4,-3,-2,-1,0,1,2,2,3,3,3,3,3,3,3,2,2,2,2,2,2,2,2,2,2,2,2,3,3,3,4,4,5,5,6,6,6,7,7,7,7,7,7,7,7,6,6,5,5,4,3,3,2,1,0,0,-1,-2,-2,-3,-3,-4,-4,-4,-4,-4,-4,-4,-4,-4,-4,-3,-3,-3,-3,-2,-2,-2,-1,-1,-1,-1,0,0,0,0,0,0,0,0,0,0,0,0,0,0,0,0,0,0,0,0,1,1,1,1,1,1,2,2,2,2,1,1,1,1,0,0,-1,-1,-2,-2,-3,-4,-4,-5,-5,-6,-6,-7,-7,-7,-7,-7,-7,-6,-6,-5,-4,-3,-2,-1,0,1,2,3,5,6,7,8,8,9,9,10,10,10,10,10,10,9,9,8,7,7,6,5,5,4,3,3,2,2,2,1,1,1,1,1,1,1,2,2,1,1,1,1,0,0,-1,-2,-3,-4,-6,-7,-8,-10,-11,-13,-14,-15,-17,-17,-18,-19,-19,-19,-19,-19,-18,-17,-16,-15,-13,-12,-10,-9,-7,-6,-4,-3,-2,0,0,1,2,2,2,3,3,3,3,3,4,4,5,7,8,10,12,15,18,21,25,29,33,37,41,46,49,53,56,59,61,62,63,62,60,58,54,49,44,37,29,21,12,2,-8,-19,-30,-40,-50,-60,-69,-78,-85,-91,-96,-100,-103,-103,-103,-101,-98,-93,-87,-80,-72,-63,-54,-44,-34,-23,-13,-3,7,17,25,33,40,46,51,55,58,60,61,61,61,59,57,54,51,47,43,39,35,31,27,23,20,17,14,11,9,7,6,4,3,3,2,2,1,1,1,1,0,0,-1,-2,-2,-3,-4,-6,-7,-8,-10,-11,-12,-14,-15,-16,-17,-18,-18,-19,-19,-19,-18,-18,-17,-16,-15,-14,-13,-11,-10,-8,-7,-5,-3,-2,0,1,2,3,4,5,6,7,7,7,8,8,8,8,8,8,8,7,7,7,7,6,6,6,6,6,5,5,5,5,5,4,4,4,4,3,3,3,2,2,1,1,0,0,-1,-1,-2,-2,-3,-4,-4,-5,-5,-6,-6,-7,-7,-7,-8,-8,-8,-8,-8,-8,-8,-8,-8,-7,-7,-6,-6,-5,-5,-4,-3,-3,-2,-1,0,1,1,2,3,4,4,5,6,6,7,7,8,8,8,8,8,8,8,8,8,8,7,7,6,6,5,4,4,3,2,2,1,0,0,-1,-1,-2,-2,-3,-3,-3,-4,-4,-4,-4,-5,-5,-5,-5,-5,-5,-5,-5,-4,-4,-4,-4,-4,-4,-4,-4,-4,-4,-3,-3,-3,-3,-3,-3,-2,-2,-2,-2,-1,-1,-1,0,0,1,1,2,2,2,3,3,4,4,4,5,5,5,5,5,5,5,5,5,5,5,5,4,4,4,3,3,3,2,2,2,2,1,1,1,1,0,0,0,0,0,-1,-1,-1,-1,-2,-2,-2,-3,-3,-3,-4,-4,-5,-5,-5,-6,-6,-7,-7,-7,-7,-7,-7,-7,-7,-6,-6,-5,-5,-4,-3,-3,-2,-1,0,1,2,3,3,4,5,6,6,7,7,7,7,7,7,7,7,6,6,5,5,4,4,3,3,2,2,1,1,1,0,0,0,0,0,0,0,0,0,0,1,1,1,1,1,1,1,1,1,1,0,0,-1,-1,-2,-2,-3,-3,-4,-4,-5,-6,-6,-6,-7,-7,-7,-7,-7,-7,-7,-7,-7,-6,-6,-5,-4,-4,-3,-2,-2,-1,0,1,2,2,3,4,4,5,5,6,6,6,6,7,7,7,7,7,7,7,7,6,6,6,6,6,5,5,5,4,4,4,3,3,3,2,2,1,1,0,0,-1,-1,-2,-2,-3,-3,-4,-4,-5,-5,-5,-5,-5,-5,-5,-5,-5,-5,-5,-4,-4,-4,-3,-3,-3,-2,-2,-2,-2,-2,-2,-2,-2,-2,-3,-3,-3,-4,-4,-5,-5,-6,-6,-6,-6,-6,-6,-6,-6,-5,-5,-4,-3,-2,-1,0,1,1,2,3,4,4,5,5,5,5,4,4,3,2,1,-1,-2,-3,-5,-6,-7,-8,-8,-8,-8,-7,-6,-5,-2,0,4,7,11,16,20,25,30,35,40,45,49,52,56,58,59,60,60,58,56,52,48,42,36,28,20,11,1,-9,-19,-29,-39,-48,-58,-66,-74,-81,-86,-91,-94,-96,-96,-95,-93,-90,-85,-79,-72,-64,-56,-47,-37,-28,-18,-8,1,10,19,27,34,40,45,49,53,55,57,57,57,55,54,51,48,45,41,37,33,29,25,21,18,15,12,9,7,5,3,2,1,1,0,0,0,0,0,0,1,1,1,1,1,0,0,-1,-1,-2,-3,-3,-4,-5,-6,-7,-7,-8,-9,-9,-9,-10,-10,-10,-9,-9,-9,-8,-8,-7,-6,-6,-5,-5,-4,-4,-3,-3,-3,-2,-2,-2,-2,-3,-3,-3,-3,-4,-4,-4,-4,-5,-5,-5,-5,-5,-5,-5,-5,-5,-4,-4,-4,-3,-3,-2,-1,-1,0,1,1,2,3,4,4,5,6,6,7,7,8,8,9,9,9,9,10,10,10,10,9,9,9,9,8,8,7,7,6,5,5,4,3,2,1,1,0,-1,-2,-3,-3,-4,-5,-5,-6,-6,-7,-7,-7,-7,-8,-8,-8,-8,-8,-7,-7,-7,-7,-7,-7,-6,-6,-6,-6,-6,-6,-6,-5,-5,-5,-5,-5,-5,-4,-4,-4,-3,-3,-2,-2,-1,0,1,2,2,3,4,5,6,7,8,9,10,10,11,11,12,12,12,12,12,11,11,10,9,8,7,6,5,4,3,1,0,-1,-2,-3,-4,-5,-6,-6,-7,-7,-7,-7,-7,-7,-6,-6,-5,-5,-4,-3,-3,-2,-1,-1,0,0,0,0,0,0,0,0,0,0,-1,-1,-2,-2,-2,-3,-3,-3,-3,-3,-3,-3,-2,-2,-1,0,1,1,2,3,4,5,5,6,6,6,6,6,6,5,5,4,3,2,0,-1,-2,-4,-5,-7,-8,-9,-10,-11,-12,-12,-13,-13,-13,-13,-12,-11,-11,-10,-9,-8,-7,-7,-6,-5,-5,-5,-4,-4,-4,-4,-4,-5,-5,-5,-5,-5,-4,-3,-2,-1,1,4,6,10,13,18,22,27,32,37,42,47,51,56,60,63,65,67,68,67,66,63,60,55,49,42,34,25,15,5,-6,-17,-28,-39,-50,-60,-69,-78,-86,-92,-97,-101,-103,-104,-103,-101,-98,-93,-86,-79,-71,-62,-52,-42,-31,-21,-10,0,9,18,27,34,40,46,50,54,56,57,57,56,55,52,50,46,42,38,34,30,25,21,17,14,11,8,6,4,3,2,1,1,1,1,2,3,3,4,5,6,6,6,7,7,6,6,5,5,4,3,1,0,-1,-3,-4,-5,-6,-7,-8,-9,-9,-10,-10,-10,-10,-10,-10,-9,-9,-9,-8,-8,-7,-7,-6,-6,-6,-6,-6,-6,-6,-6,-6,-6,-6,-6,-7,-7,-7,-7,-7,-6,-6,-6,-5,-4,-3,-2,-1,0,1,2,3,4,5,6,7,8,9,10,10,11,11,11,11,11,11,10,10,9,8,7,6,6,5,4,3,2,1,0,0,-1,-2,-2,-3,-3,-3,-3,-4,-4,-4,-4,-4,-4,-4,-4,-4,-4,-4,-4,-4,-4,-5,-5,-5,-5,-5,-6,-6,-6,-6,-6,-6,-6,-6,-6,-6,-5,-5,-5,-4,-4,-3,-2,-2,-1,0,1,1,2,3,4,4,5,6,6,7,7,7,7,8,8,8,8,8,8,7,7,7,7,6,6,6,5,5,4,4,4,3,3,3,2,2,2,2,1,1,1,0,0,0,-1,-1,-2,-2,-2,-3,-3,-4,-5,-5,-6,-6,-7,-7,-8,-8,-8,-9,-9,-9,-10,-10,-10,-10,-9,-9,-9,-8,-8,-7,-7,-6,-5,-4,-3,-2,-1,0,1,2,3,4,4,5,6,7,8,8,9,9,10,10,10,10,10,10,10,10,10,9,9,9,8,7,7,6,6,5,4,3,3,2,1,1,0,-1,-1,-2,-2,-3,-3,-4,-4,-4,-5,-5,-5,-5,-6,-6,-6,-6,-6,-6,-6,-6,-6,-6,-6,-6,-6,-6,-6,-6,-6,-6,-5,-5,-5,-4,-4,-4,-3,-3,-2,-2,-1,0,0,1,2,3,3,4,5,5,6,6,7,7,7,8,8,8,8,7,7,7,6,5,5,4,3,3,2,1,0,0,-1,-1,-2,-2,-2,-3,-3,-3,-2,-2,-2,-1,-1,0,0,1,1,1,2,2,2,2,2,1,1,0,0,-1,-2,-3,-4,-5,-6,-7,-8,-9,-10,-10,-11,-11,-11,-11,-11,-11,-10,-9,-9,-8,-7,-6,-5,-4,-3,-2,-1,-1,0,0,0,0,0,-1,-1,-1,-2,-2,-2,-3,-3,-2,-2,-1,1,2,5,7,10,13,17,21,25,29,33,37,41,45,48,51,53,55,55,55,54,52,49,45,40,34,28,20,12,4,-6,-15,-24,-34,-43,-52,-60,-67,-74,-79,-84,-87,-89,-90,-89,-87,-84,-80,-74,-68,-60,-52,-44,-35,-25,-16,-6,3,12,20,27,34,40,45,49,53,55,56,56,56,54,52,49,46,42,38,34,30,26,21,17,13,10,6,3,1,-1,-3,-5,-6,-7,-7,-7,-8,-8,-7,-7,-7,-7,-7,-7,-7,-7,-7,-7,-7,-8,-8,-8,-8,-9,-9,-9,-9,-9,-8,-8,-7,-6,-5,-4,-3,-2,0,1,3,4,6,7,9,10,11,12,12,13,13,13,12,12,11,10,9,8,6,5,3,1,0,-2,-4,-5,-7,-8,-9,-10,-11,-12,-12,-13,-13,-13,-12,-12,-11,-11,-10,-9,-8,-7,-6,-5,-4,-3,-2,-1,-1,0,0,1,1,1,2,2,2,2,2,2,2,1,1,1,1,1,2,2,2,2,3,3,4,4,5,5,6,7,7,8,8,9,9,9,9,9,9,9,9,8,8,7,6,5,4,3,2,1,-1,-2,-3,-4,-5,-6,-7,-8,-8,-9,-9,-10,-10,-10,-10,-10,-9,-9,-8,-8,-7,-6,-6,-5,-4,-3,-3,-2,-1,-1,0,1,1,1,2,2,2,2,2,2,2,2,2,1,1,1,1,1,1,1,1,1,2,2,2,3,3,4,5,5,6,7,7,8,8,9,9,9,9,9,9,8,7,7,5,4,3,1,0,-2,-4,-6,-8,-9,-11,-12,-14,-15,-16,-17,-17,-18,-18,-17,-17,-16,-15,-14,-13,-12,-10,-9,-7,-6,-4,-3,-2,-1,-1,0,0,0,0,0,0,0,0,-1,-1,-1,0,0,1,3,4,7,9,12,15,19,23,27,31,36,40,44,48,52,55,57,59,60,60,59,57,54,50,45,38,31,24,15,6,-4,-14,-24,-34,-44,-53,-62,-70,-77,-84,-89,-93,-95,-97,-97,-95,-92,-88,-83,-77,-70,-62,-53,-44,-34,-25,-15,-5,4,13,21,28,35,41,46,50,53,55,56,57,56,55,53,51,48,45,42,38,35,31,28,24,21,18,15,13,11,9,7,6,5,4,3,2,1,1,0,0,-1,-2,-2,-3,-4,-5,-6,-6,-7,-8,-9,-10,-11,-12,-12,-13,-13,-13,-14,-14,-13,-13,-13,-12,-12,-11,-11,-10,-9,-8,-8,-7,-7,-6,-5,-5,-4,-4,-4,-3,-3,-3,-2,-2,-1,-1,-1,0,0,1,2,2,3,4,5,5,6,7,8,8,9,9,9,9,9,9,9,9,8,8,7,6,5,4,3,2,1,0,-1,-2,-2,-3,-4,-4,-5,-5,-5,-5,-5,-4,-4,-4,-3,-2,-2,-1,-1,0,1,1,1,2,2,2,2,2,2,2,2,1,1,0,0,-1,-1,-2,-2,-3,-3,-4,-4,-4,-4,-4,-4,-4,-4,-3,-3,-3,-2,-2,-1,-1,-1,0,0,0,1,1,1,1,1,1,1,0,0,0,0,-1,-1,-1,-1,-1,-1,-1,-1,-1,-1,-1,0,0,0,1,1,2,3,3,4,4,5,5,5,6,6,6,6,6,6,6,6,5,5,5,4,4,3,2,2,1,1,0,0,-1,-1,-2,-2,-2,-3,-3,-3,-4,-4,-4,-4,-4,-5,-5,-5,-5,-5,-6,-6,-6,-6,-6,-6,-6,-6,-6,-6,-6,-6,-5,-5,-5,-4,-4,-3,-2,-2,-1,0,1,1,2,3,4,4,5,5,6,6,6,7,7,7,7,7,7,6,6,6,6,5,5,5,4,4,4,3,3,3,3,3,3,3,3,3,3,3,3,3,3,3,3,2,2,2,1,1,0,0,-1,-2,-3,-4,-5,-5,-6,-7,-8,-9,-10,-11,-11,-12,-12,-12,-13,-13,-12,-12,-12,-11,-11,-10,-9,-8,-7,-5,-4,-3,-1,0,2,3,4,6,7,8,9,10,11,12,12,13,13,13,13,13,13,13,13,12,12,11,11,10,9,8,8,7,6,5,4,3,2,1,1,0,-1,-2,-3,-4,-4,-5,-6,-7,-8,-8,-9,-10,-10,-11,-11,-12,-13,-13,-13,-14,-14,-14,-14,-14,-14,-13,-13,-13,-12,-11,-10,-9,-8,-7,-6,-4,-3,-1,1,2,4,5,7,9,10,12,13,14,15,16,17,18,18,18,18,18,18,18,17,16,16,15,14,12,11,10,9,7,6,5,3,2,1,0,-1,-2,-3,-3,-4,-4,-5,-5,-6,-6,-6,-6,-7,-7,-7,-8,-8,-9,-9,-10,-11,-12,-12,-13,-14,-15,-16,-17,-18,-19,-20,-20,-20,-21,-21,-20,-20,-19,-18,-17,-15,-13,-11,-9,-7,-4,-1,1,4,6,9,11,13,14,16,17,17,18,17,17,16,15,14,12,11,9,7,5,4,3,2,1,1,1,2,3,5,7,10,14,17,22,26,30,35,39,43,47,50,53,55,56,56,55,53,51,46,41,35,28,20,11,2,-8,-18,-28,-39,-49,-58,-67,-76,-83,-89,-94,-98,-100,-101,-101,-99,-96,-91,-85,-78,-70,-61,-51,-41,-31,-20,-10,1,10,20,29,37,44,50,55,59,62,64,64,64,63,62,59,56,52,48,44,39,35,30,26,21,17,13,10,7,4,2,0,-2,-3,-4,-5,-6,-7,-7,-7,-8,-8,-8,-8,-9,-9,-9,-10,-10,-11,-11,-12,-12,-12,-13,-13,-13,-13,-12,-12,-12,-11,-10,-9,-8,-7,-6,-5,-3,-2,-1,0,1,2,3,4,5,5,6,6,6,6,6,6,5,5,4,4,3,3,2,2,1,1,1,1,0,0,0,0,1,1,1,1,2,2,2,2,3,3,3,3,3,3,3,3,3,2,2,1,1,0,-1,-1,-2,-3,-3,-4,-5,-5,-6,-6,-7,-7,-7,-8,-8,-8,-8,-7,-7,-7,-6,-5,-5,-4,-3,-3,-2,-1,0,1,2,2,3,4,4,5,5,6,6,6,6,6,6,6,6,6,6,6,6,5,5,5,5,4,4,4,4,3,3,3,3,3,2,2,2,1,1,0,0,-1,-1,-2,-3,-4,-4,-5,-6,-7,-8,-8,-9,-10,-10,-10,-11,-11,-11,-11,-11,-11,-10,-10,-9,-9,-8,-8,-7,-7,-7,-6,-6,-6,-6,-6,-7,-7,-7,-7,-8,-8,-8,-8,-8,-7,-7,-6,-4,-3,0,2,5,8,12,16,20,25,29,34,39,43,48,52,55,59,61,63,64,64,63,61,58,55,50,44,38,30,22,14,4,-5,-15,-24,-34,-43,-52,-60,-68,-74,-80,-84,-88,-90,-91,-91,-90,-87,-84,-79,-73,-67,-60,-52,-44,-35,-27,-18,-9,-1,7,14,21,27,33,37,41,44,46,48,49,49,48,47,46,44,41,39,36,33,30,27,24,21,18,16,14,12,10,8,7,6,5,4,3,2,2,1,1,0,0,-1,-1,-2,-2,-3,-3,-4,-5,-5,-6,-6,-7,-8,-8,-8,-9,-9,-9,-9,-9,-9,-9,-9,-9,-9,-8,-8,-8,-8,-8,-7,-7,-7,-7,-7,-7,-7,-7,-6,-6,-6,-6,-6,-5,-5,-5,-4,-3,-3,-2,-1,0,1,2,3,4,5,6,7,8,9,10,11,11,12,12,13,13,13,13,13,12,12,11,11,10,9,8,7,6,5,4,2,1,0,-1,-2,-3,-4,-5,-6,-7,-8,-8,-9,-10,-10,-10,-11,-11,-11,-11,-11,-11,-10,-10,-10,-9,-9,-8,-8,-7,-7,-6,-5,-5,-4,-3,-3,-2,-2,-1,-1,0,0,1,1,2,2,3,3,3,4,4,4,5,5,6,6,6,7,7,8,8,8,9,9,9,9,10,10,10,10,10,9,9,9,8,8,7,6,5,4,3,2,1,0,-2,-3,-4,-5,-6,-7,-8,-9,-10,-11,-11,-11,-12,-12,-12,-12,-11,-11,-10,-10,-9,-8,-7,-7,-6,-5,-4,-3,-2,-1,0,1,2,3,3,4,4,5,5,6,6,6,6,6,6,6,6,6,6,6,6,5,5,5,5,4,4,3,3,3,2,2,1,1,0,0,-1,-1,-2,-2,-3,-3,-4,-4,-4,-4,-5,-5,-5,-5,-4,-4,-4,-4,-3,-3,-2,-2,-1,-1,0,0,1,1,2,2,3,3,3,3,4,4,4,4,4,4,3,3,3,3,3,2,2,2,2,2,1,1,1,1,1,1,1,1,1,1,1,1,1,0,0,-1,-1,-2,-2,-3,-4,-5,-6,-7,-8,-9,-10,-10,-11,-12,-12,-12,-12,-12,-12,-12,-11,-10,-9,-8,-7,-6,-5,-4,-3,-2,-1,0,1,1,2,2,2,1,1,1,0,0,-1,-1,-1,-1,-1,-1,0,1,3,5,7,10,14,17,21,26,30,35,39,43,47,51,55,57,59,60,60,60,58,55,51,46,40,33,25,16,7,-3,-13,-24,-34,-45,-55,-64,-73,-81,-87,-93,-97,-100,-102,-102,-101,-98,-94,-89,-82,-74,-66,-56,-46,-36,-25,-15,-4,6,16,25,33,41,48,53,58,61,63,65,65,64,63,61,58,54,50,46,41,37,32,28,23,19,16,12,9,6,4,2,0,-1,-2,-3,-3,-4,-4,-4,-5,-5,-5,-6,-6,-7,-8,-9,-10,-11,-12,-13,-14,-15,-16,-17,-18,-18,-19,-19,-19,-18,-18,-17,-16,-15,-13,-11,-9,-7,-5,-3,-1,1,3,5,7,9,10,12,13,14,14,15,15,15,15,14,14,13,12,11,10,9,8,7,5,4,3,2,1,0,-1,-2,-3,-4,-4,-5,-5,-5,-6,-6,-6,-6,-6,-7,-7,-7,-7,-7,-7,-7,-7,-7,-7,-7,-7,-7,-7,-7,-7,-7,-7,-7,-7,-7,-7,-7,-6,-6,-5,-5,-4,-4,-3,-2,-2,-1,0,1,2,3,4,5,6,8,9,10,11,12,12,13,14,14,15,15,15,16,15,15,15,14,14,13,12,11,9,8,7,5,4,2,1,-1,-3,-4,-6,-7,-8,-9,-10,-11,-12,-13,-13,-14,-14,-14,-14,-14,-14,-13,-13,-12,-12,-11,-10,-10,-9,-9,-8,-7,-7,-6,-6,-5,-5,-4,-4,-3,-3,-2,-2,-1,-1,0,0,1,2,2,3,4,5,6,7,8,9,10,11,11,12,13,14,14,15,15,15,15,15,15,15,14,14,13,12,11,10,9,7,6,5,3,2,1,-1,-2,-3,-4,-5,-6,-7,-7,-8,-8,-9,-9,-9,-9,-9,-9,-9,-9,-9,-9,-9,-9,-10,-10,-10,-10,-10,-10,-10,-11,-11,-11,-11,-11,-11,-11,-11,-10,-10,-9,-9,-8,-7,-6,-5,-3,-2,-1,1,2,4,6,7,9,10,12,13,14,15,16,16,17,17,17,17,17,17,16,16,15,14,13,12,11,10,8,7,6,5,4,3,2,1,0,-1,-2,-2,-3,-4,-4,-5,-5,-6,-6,-7,-7,-7,-8,-8,-9,-9,-10,-10,-11,-11,-11,-12,-12,-12,-13,-13,-13,-13,-13,-13,-12,-12,-11,-11,-10,-9,-8,-7,-6,-5,-3,-2,0,1,3,4,6,7,9,10,11,13,14,15,16,17,17,18,18,19,19,19,19,18,18,17,17,16,15,13,12,11,9,8,6,4,3,1,-1,-3,-4,-6,-7,-9,-10,-12,-13,-14,-15,-15,-16,-17,-17,-17,-17,-17,-17,-17,-17,-17,-16,-16,-15,-15,-14,-14,-13,-13,-12,-12,-11,-10,-9,-9,-8,-7,-6,-5,-4,-3,-1,0,1,2,4,5,6,7,8,9,10,11,12,12,12,12,12,12,11,11,10,9,9,8,7,7,6,6,6,7,7,8,9,11,13,15,18,21,24,27,30,33,36,39,41,43,45,45,46,45,44,42,38,34,30,24,18,10,3,-6,-14,-23,-32,-41,-50,-58,-66,-73,-80,-85,-89,-93,-95,-95,-95,-93,-90,-85,-80,-73,-66,-58,-49,-39,-29,-19,-9,1,11,20,29,37,44,50,55,60,63,65,67,67,67,65,63,60,57,53,49,44,39,35,30,25,21,16,12,8,5,2,-1,-3,-5,-7,-8,-9,-10,-10,-11,-11,-11,-11,-11,-11,-11,-11,-11,-11,-11,-11,-12,-12,-12,-12,-12,-12,-12,-12,-11,-11,-11,-10,-9,-9,-8,-7,-6,-5,-4,-3,-2,-1,0,1,2,3,3,4,5,5,5,6,6,6,6,6,6,5,5,5,4,4,4,3,3,2,2,1,1,1,0,0,-1,-1,-1,-2,-2,-2,-3,-3,-3,-4,-4,-4,-5,-5,-5,-6,-6,-6,-6,-6,-6,-6,-5,-5,-5,-4,-4,-3,-3,-2,-1,0,1,2,3,3,4,5,6,7,8,8,9,9,9,10,10,10,9,9,9,8,8,7,7,6,5,4,3,3,2,1,0,0,-1,-2,-2,-3,-3,-3,-4,-4,-4,-4,-5,-5,-5,-5,-5,-6,-6,-6,-6,-7,-7,-7,-8,-8,-9,-9,-9,-9,-10,-10,-10,-10,-10,-10,-9,-9,-8,-7,-6,-5,-4,-3,-1,0,2,3,5,6,8,10,11,12,14,15,16,17,17,18,18,18,18,17,17,16,15,14,13,12,10,9,7,5,4,2,1,-1,-2,-4,-5,-7,-8,-9,-10,-10,-11,-12,-12,-12,-13,-13,-13,-13,-13,-12,-12,-12,-11,-11,-10,-10,-9,-8,-8,-7,-7,-6,-5,-5,-4,-3,-3,-2,-1,-1,0,1,1,2,2,3,4,4,5,5,6,7,7,8,8,8,9,9,10,10,10,10,10,10,10,10,10,9,9,8,8,7,7,6,5,4,3,2,1,0,-1,-1,-2,-3,-4,-5,-6,-6,-7,-7,-8,-8,-8,-8,-8,-8,-8,-8,-7,-7,-6,-6,-5,-5,-4,-3,-3,-2,-1,-1,0,0,0,1,1,1,1,1,1,1,1,0,0,0,-1,-1,-1,-2,-2,-2,-2,-2,-2,-2,-2,-2,-1,-1,0,0,1,1,2,2,3,3,4,5,5,5,6,6,6,6,7,7,6,6,6,6,5,5,4,4,3,3,2,2,1,0,0,-1,-1,-1,-2,-2,-2,-2,-2,-2,-2,-2,-2,-2,-1,-1,-1,-1,0,0,0,1,1,1,1,1,1,1,1,0,0,-1,-2,-3,-3,-4,-5,-6,-7,-8,-9,-10,-11,-12,-12,-13,-13,-13,-13,-13,-12,-11,-11,-10,-8,-7,-6,-5,-3,-2,-1,0,1,2,3,3,4,4,4,3,3,2,2,1,0,0,-1,-1,-1,-1,0,1,2,4,6,8,11,15,18,22,26,31,35,39,43,47,51,53,56,57,58,57,56,54,51,47,42,35,28,21,12,3,-6,-16,-26,-36,-46,-55,-63,-71,-78,-84,-89,-93,-95,-96,-96,-94,-91,-87,-82,-75,-68,-59,-51,-41,-31,-21,-12,-2,8,17,25,32,39,45,50,54,57,59,60,60,59,57,55,52,48,44,40,36,31,27,22,18,14,10,7,4,1,-1,-2,-4,-5,-5,-6,-6,-6,-5,-5,-4,-3,-3,-2,-1,-1,-1,0,0,0,0,0,-1,-1,-2,-2,-3,-3,-4,-5,-5,-6,-6,-7,-7,-8,-8,-8,-8,-8,-8,-8,-7,-7,-7,-6,-6,-5,-5,-4,-4,-4,-3,-3,-3,-3,-3,-2,-2,-2,-2,-2,-2,-2,-3,-3,-3,-3,-3,-2,-2,-2,-2,-2,-1,-1,0,0,1,2,2,3,4,5,5,6,7,7,8,8,8,9,9,9,9,8,8,8,7,6,6,5,4,3,2,1,0,0,-1,-2,-2,-3,-3,-4,-4,-4,-4,-4,-4,-4,-3,-3,-2,-2,-1,-1,0,0,1,1,1,1,1,1,1,1,1,0,0,-1,-2,-2,-3,-4,-5,-6,-6,-7,-8,-8,-9,-9,-9,-9,-9,-9,-9,-8,-7,-7,-6,-5,-4,-3,-1,0,1,2,3,5,6,7,8,8,9,10,10,10,11,11,11,10,10,10,9,9,8,7,7,6,5,4,4,3,2,2,1,0,0,0,-1,-1,-1,-2,-2,-2,-2,-2,-2,-3,-3,-3,-3,-3,-3,-4,-4,-4,-4,-5,-5,-5,-5,-6,-6,-6,-6,-6,-6,-6,-6,-6,-6,-5,-5,-4,-4,-3,-3,-2,-2,-1,0,0,1,1,2,2,3,3,4,4,4,4,4,4,4,4,4,4,4,5,5,5,5,5,5,5,6,6,6,7,7,7,8,8,8,8,8,8,8,7,7,6,5,4,2,1,-1,-3,-5,-7,-9,-11,-13,-14,-16,-18,-19,-20,-21,-22,-22,-22,-22,-21,-20,-19,-18,-16,-14,-12,-11,-9,-7,-5,-3,-1,0,2,3,3,4,4,4,4,4,4,3,3,3,2,3,3,4,5,6,8,10,13,16,20,24,28,32,36,41,45,49,53,56,58,60,61,61,60,58,55,51,46,40,32,24,15,6,-4,-14,-25,-35,-45,-55,-64,-73,-80,-87,-92,-96,-98,-100,-99,-98,-95,-90,-85,-78,-70,-61,-52,-42,-32,-22,-11,-1,8,18,26,34,41,47,51,55,58,60,61,61,60,58,55,52,49,45,41,37,32,28,24,20,16,13,9,7,4,2,0,-1,-3,-4,-4,-5,-6,-6,-6,-7,-7,-8,-8,-9,-9,-10,-11,-11,-12,-13,-13,-14,-14,-14,-14,-14,-14,-14,-13,-12,-11,-10,-9,-7,-6,-4,-2,-1,1,3,4,5,7,8,8,9,10,10,10,10,10,9,9,8,7,7,6,5,4,3,2,2,1,0,0,0,-1,-1,-1,-1,-2,-2,-2,-2,-2,-2,-2,-2,-2,-2,-3,-3,-3,-4,-4,-4,-5,-5,-6,-6,-6,-6,-6,-6,-6,-6,-6,-6,-5,-5,-4,-3,-3,-2,-1,0,1,2,3,3,4,5,5,6,6,7,7,7,7,7,7,7,7,6,6,5,5,4,4,4,3,3,2,2,1,1,1,0,0,0,-1,-1,-1,-2,-2,-2,-3,-3,-4,-4,-5,-5,-6,-7,-7,-8,-8,-8,-9,-9,-9,-9,-9,-9,-9,-9,-8,-7,-7,-6,-5,-4,-3,-1,0,1,2,4,5,6,7,8,9,10,11,12,12,13,13,13,14,14,14,13,13,13,12,12,11,10,10,9,8,7,6,5,4,2,1,0,-2,-3,-4,-6,-7,-8,-10,-11,-12,-14,-15,-16,-17,-17,-18,-19,-19,-19,-20,-20,-20,-19,-19,-19,-18,-18,-17,-17,-16,-16,-15,-14,-14,-13,-12,-11,-10,-9,-8,-7,-5,-4,-2,1,3,6,9,12,16,20,24,29,33,38,42,47,51,55,59,62,65,67,68,69,69,68,66,63,59,54,48,41,33,25,16,6,-3,-13,-23,-33,-43,-52,-61,-69,-76,-82,-87,-91,-94,-95,-96,-95,-93,-89,-85,-79,-73,-66,-58,-50,-42,-33,-24,-15,-7,1,9,16,22,28,33,37,41,43,45,46,47,47,46,45,43,41,39,37,34,32,29,27,24,22,20,18,17,15,14,13,12,11,10,9,9,8,8,7,6,5,5,4,3,2,1,-1,-2,-3,-4,-5,-6,-7,-8,-9,-10,-11,-11,-12,-12,-12,-13,-13,-13,-12,-12,-12,-12,-11,-11,-11,-10,-10,-9,-9,-8,-8,-8,-7,-7,-6,-6,-5,-5,-4,-3,-3,-2,-1,-1,0,1,2,2,3,4,4,5,6,6,7,7,7,8,8,8,8,8,8,8,7,7,7,7,6,6,5,5,5,4,4,3,3,2,2,1,1,0,0,-1,-2,-2,-3,-4,-4,-5,-6,-6,-7,-7,-8,-8,-9,-9,-9,-9,-9,-9,-9,-8,-8,-7,-6,-5,-4,-3,-2,-1,0,2,3,4,5,6,7,8,9,10,10,11,11,11,11,11,11,10,10,9,8,8,7,6,5,4,3,2,1,0,-1,-2,-3,-4,-5,-6,-7,-8,-9,-10,-11,-11,-12,-12,-12,-13,-13,-13,-12,-12,-12,-11,-10,-9,-9,-8,-7,-6,-5,-4,-3,-3,-2,-2,-2,-2,-2,-3,-3,-4,-5,-6,-6,-7,-8,-9,-9,-9,-9,-9,-8,-7,-5,-2,1,4,8,12,17,22,28,33,39,44,50,55,59,63,66,68,70,70,69,67,64,60,55,48,40,32,23,13,2,-9,-20,-31,-41,-52,-61,-70,-78,-85,-91,-95,-98,-100,-100,-98,-96,-91,-86,-80,-72,-64,-55,-45,-35,-25,-15,-5,4,13,21,29,36,41,46,50,52,54,55,55,54,52,49,46,42,38,34,30,25,21,17,13,9,5,2,-1,-3,-5,-6,-8,-8,-9,-9,-8,-8,-7,-6,-5,-4,-3,-2,-1,0,2,3,4,5,6,6,7,8,8,8,9,9,9,9,9,8,8,8,7,6,6,5,4,3,2,0,-1,-2,-3,-4,-5,-6,-7,-8,-9,-10,-10,-11,-11,-11,-11,-10,-10,-10,-9,-8,-8,-7,-6,-5,-5,-4,-3,-3,-3,-2,-2,-2,-2,-3,-3,-4,-4,-5,-6,-6,-7,-8,-8,-9,-9,-9,-9,-9,-9,-9,-8,-7,-6,-4,-3,-1,0,2,4,6,8,10,12,14,15,17,18,19,20,20,21,21,21,20,20,19,18,16,15,13,11,10,8,6,4,2,0,-1,-3,-4,-6,-7,-8,-9,-9,-10,-10,-10,-10,-10,-10,-10,-10,-9,-9,-9,-8,-8,-8,-8,-7,-7,-7,-7,-7,-8,-8,-8,-8,-9,-9,-10,-10,-10,-10,-10,-10,-10,-10,-10,-9,-8,-8,-7,-5,-4,-3,-1,1,2,4,6,8,9,11,13,14,16,17,18,19,20,20,21,21,21,20,20,19,18,17,16,15,13,12,11,9,8,6,5,3,2,1,-1,-2,-3,-4,-5,-6,-7,-8,-9,-9,-10,-11,-12,-13,-13,-14,-15,-16,-17,-17,-18,-18,-19,-19,-20,-20,-20,-20,-19,-19,-18,-18,-17,-16,-15,-14,-12,-11,-10,-9,-8,-7,-6,-5,-4,-3,-2,-2,-1,-1,0,0,1,2,3,4,6,7,9,12,14,17,21,24,28,33,37,42,46,51,55,59,63,66,68,70,71,71,70,68,65,61,55,49,42,34,25,15,4,-6,-18,-29,-40,-51,-61,-71,-80,-88,-95,-101,-105,-108,-110,-110,-109,-107,-103,-97,-91,-84,-75,-66,-57,-47,-36,-26,-16,-6,3,12,21,28,35,41,45,49,52,54,56,56,56,55,53,51,49,47,44,41,39,36,33,31,29,27,25,24,22,21,21,20,19,19,18,18,17,16,15,14,13,11,9,7,5,3,1,-2,-4,-7,-9,-12,-14,-16,-18,-20,-22,-23,-24,-25,-26,-26,-26,-25,-25,-24,-23,-22,-21,-20,-19,-17,-16,-15,-14,-13,-12,-11,-10,-9,-8,-8,-7,-6,-6,-5,-5,-4,-3,-2,-1,0,1,2,3,5,6,8,9,11,12,14,16,17,18,19,20,21,22,22,22,22,22,21,20,19,18,16,15,13,11,9,7,4,2,0,-2,-4,-6,-7,-9,-10,-12,-13,-14,-14,-15,-15,-16,-16,-15,-15,-15,-14,-14,-13,-13,-12,-11,-10,-10,-9,-8,-7,-6,-6,-5,-4,-3,-3,-2,-1,0,0,1,2,3,3,4,5,6,7,7,8,9,9,10,10,11,11,11,11,11,11,11,11,10,10,9,8,7,6,5,4,3,2,1,0,-1,-2,-3,-4,-5,-6,-7,-7,-8,-8,-8,-8,-8,-8,-8,-8,-8,-7,-7,-6,-6,-5,-5,-4,-4,-3,-3,-2,-2,-1,-1,0,0,0,1,1,1,1,1,1,2,2,2,2,2,2,2,2,2,3,3,3,3,3,3,4,4,4,4,5,5,5,5,6,6,6,6,6,6,6,6,6,6,6,6,5,5,4,4,3,2,1,0,-1,-2,-4,-5,-6,-7,-9,-10,-11,-12,-13,-14,-15,-16,-16,-17,-17,-17,-16,-16,-16,-15,-14,-13,-12,-11,-10,-9,-7,-6,-5,-5,-4,-3,-3,-2,-2,-2,-2,-2,-2,-3,-3,-3,-3,-2,-2,-1,0,2,4,6,9,13,16,20,25,29,34,39,44,49,53,58,62,65,67,69,70,70,69,66,63,58,53,46,38,30,20,10,-1,-12,-23,-34,-45,-56,-66,-75,-84,-91,-97,-102,-106,-108,-109,-108,-106,-102,-97,-91,-84,-76,-67,-57,-47,-37,-27,-16,-6,3,13,21,29,36,42,47,51,54,56,57,57,57,56,54,52,50,47,44,41,38,34,32,29,26,24,22,20,19,17,16,16,15,14,14,13,12,12,11,10,9,8,6,5,3,1,-1,-3,-5,-8,-10,-12,-14,-16,-18,-19,-21,-22,-23,-23,-24,-24,-24,-24,-24,-23,-22,-21,-20,-19,-18,-17,-15,-14,-13,-12,-10,-9,-8,-7,-6,-5,-3,-2,-1,0,1,2,4,5,6,8,9,10,12,13,14,15,17,18,18,19,20,20,20,20,20,19,19,18,17,15,14,12,10,8,6,4,2,0,-2,-4,-5,-7,-9,-10,-12,-13,-14,-14,-15,-15,-15,-16,-15,-15,-15,-14,-14,-13,-12,-12,-11,-10,-9,-8,-8,-7,-6,-6,-5,-4,-4,-3,-3,-2,-2,-1,0,0,1,2,2,3,4,5,5,6,7,8,9,10,11,11,12,13,13,14,14,14,14,14,14,13,13,12,11,10,9,8,7,5,4,3,1,0,-1,-3,-4,-5,-6,-7,-8,-8,-9,-9,-10,-10,-10,-10,-10,-10,-9,-9,-9,-8,-8,-7,-7,-7,-6,-6,-6,-5,-5,-5,-5,-4,-4,-4,-4,-3,-3,-3,-2,-2,-1,-1,0,0,1,2,2,3,4,5,5,6,6,7,7,7,8,8,7,7,7,6,6,5,5,4,3,2,2,1,0,-1,-1,-2,-3,-3,-4,-4,-5,-5,-5,-6,-6,-6,-7,-7,-8,-8,-9,-9,-10,-11,-11,-12,-12,-12,-12,-12,-12,-11,-10,-9,-7,-5,-2,0,4,7,11,15,20,24,29,33,38,42,46,49,52,54,56,56,56,55,53,50,46,42,36,29,22,14,6,-3,-11,-20,-29,-38,-46,-54,-61,-67,-72,-76,-79,-81,-82,-82,-80,-78,-74,-69,-64,-57,-50,-43,-35,-26,-18,-10,-2,6,13,20,26,31,36,40,43,45,46,47,47,46,44,43,40,38,35,31,28,25,22,18,15,12,10,7,5,3,1,0,-1,-2,-3,-4,-4,-5,-5,-5,-6,-6,-6,-6,-6,-6,-6,-6,-6,-6,-6,-6,-6,-5,-5,-4,-4,-3,-2,-2,-1,0,1,2,3,4,4,5,5,6,6,6,6,6,5,5,4,3,3,2,1,0,-1,-2,-3,-4,-5,-6,-7,-7,-7,-8,-8,-8,-8,-7,-7,-7,-6,-5,-5,-4,-3,-3,-2,-2,-1,-1,0,0,0,0,1,1,1,1,1,0,0,0,0,0,0,0,0,0,1,1,1,1,2,2,2,3,3,3,4,4,4,5,5,5,5,5,5,5,4,4,4,4,3,3,2,2,1,1,0,0,-1,-1,-1,-2,-2,-2,-2,-3,-3,-3,-3,-3,-3,-3,-3,-3,-3,-3,-3,-3,-3,-3,-3,-3,-3,-3,-3,-3,-3,-3,-2,-2,-2,-1,-1,-1,0,0,1,1,2,2,3,3,4,4,5,5,5,6,6,6,6,6,5,5,4,4,3,2,1,0,-1,-2,-3,-4,-5,-6,-7,-8,-9,-9,-10,-10,-10,-10,-9,-9,-8,-8,-7,-6,-5,-4,-3,-2,-1,0,0,1,1,1,1,0,0,-1,-2,-3,-4,-6,-7,-8,-9,-10,-10,-11,-11,-10,-9,-7,-5,-3,0,4,8,13,18,23,28,34,39,44,49,54,58,61,63,65,66,65,64,61,57,52,46,39,31,23,13,3,-7,-18,-28,-39,-49,-58,-67,-75,-82,-88,-93,-96,-98,-99,-98,-96,-93,-88,-82,-75,-67,-59,-49,-40,-30,-20,-10,-1,8,17,25,32,39,44,49,53,55,57,58,58,57,55,53,51,47,44,40,37,33,29,25,22,18,15,12,10,8,6,4,3,2,1,0,0,-1,-1,-1,-1,-1,-2,-2,-2,-3,-3,-4,-4,-5,-6,-6,-7,-8,-8,-9,-10,-10,-11,-11,-11,-12,-12,-12,-12,-12,-12,-11,-11,-11,-10,-10,-9,-9,-8,-8,-8,-7,-7,-6,-6,-5,-5,-4,-4,-3,-2,-2,-1,-1,0,1,1,2,3,4,4,5,6,7,7,8,9,9,10,10,10,11,11,11,11,11,10,10,10,9,9,8,7,6,6,5,4,3,2,1,0,-1,-2,-3,-4,-4,-5,-6,-7,-7,-8,-8,-8,-8,-8,-8,-8,-8,-8,-7,-7,-6,-6,-5,-5,-4,-3,-2,-2,-1,0,1,1,2,2,3,3,4,4,4,4,4,4,4,4,4,3,3,3,2,2,1,1,1,0,0,-1,-1,-1,-2,-2,-2,-2,-2,-2,-2,-2,-2,-2,-2,-2,-2,-3,-3,-3,-3,-3,-3,-3,-3,-4,-4,-4,-4,-5,-5,-5,-5,-5,-5,-5,-4,-4,-3,-3,-2,-2,-1,0,1,1,2,3,3,4,4,4,4,4,4,3,3,2,1,0,-1,-3,-4,-5,-6,-7,-8,-8,-8,-8,-8,-6,-5,-3,0,3,7,10,15,19,24,29,34,39,44,48,52,55,58,60,60,60,59,57,54,49,44,38,30,22,13,3,-7,-18,-28,-39,-49,-59,-69,-77,-85,-91,-96,-100,-103,-104,-104,-102,-99,-94,-88,-81,-73,-64,-54,-44,-33,-22,-11,0,11,21,31,39,47,54,60,64,68,70,72,72,71,69,67,64,60,55,51,46,40,35,30,25,20,15,11,7,4,1,-2,-4,-6,-7,-9,-9,-10,-10,-10,-10,-10,-10,-10,-10,-10,-10,-10,-11,-11,-11,-12,-12,-13,-13,-14,-14,-15,-15,-15,-15,-15,-15,-15,-15,-14,-13,-12,-11,-10,-8,-7,-6,-4,-2,-1,1,2,4,5,7,8,9,10,11,11,12,12,13,13,12,12,12,11,11,10,9,8,8,7,6,5,4,3,2,1,1,0,-1,-1,-2,-2,-3,-3,-4,-4,-4,-4,-5,-5,-5,-5,-5,-6,-6,-6,-6,-6,-7,-7,-7,-7,-7,-7,-7,-7,-7,-7,-7,-7,-6,-6,-5,-4,-4,-3,-2,-1,0,1,2,3,4,5,6,7,8,9,9,10,10,10,10,10,10,10,9,9,8,7,6,5,4,3,2,1,0,-1,-1,-2,-3,-4,-4,-5,-5,-5,-5,-5,-5,-5,-5,-5,-5,-5,-5,-4,-4,-4,-4,-4,-4,-4,-4,-4,-4,-4,-4,-4,-4,-3,-3,-3,-3,-3,-3,-2,-2,-1,-1,0,0,1,2,2,3,4,5,5,6,7,7,7,8,8,8,8,8,8,8,7,7,6,5,5,4,3,2,1,1,0,-1,-2,-2,-3,-3,-3,-4,-4,-4,-4,-4,-4,-4,-4,-3,-3,-3,-3,-3,-2,-2,-2,-2,-2,-2,-2,-2,-2,-2,-3,-3,-3,-3,-3,-3,-3,-3,-3,-3,-3,-2,-2,-1,-1,0,0,1,1,2,3,3,4,4,5,5,6,6,6,6,6,6,6,6,6,6,5,5,4,4,4,3,3,2,2,1,1,0,0,-1,-1,-2,-2,-3,-3,-4,-5,-5,-6,-7,-8,-8,-9,-10,-10,-11,-11,-12,-12,-12,-12,-12,-11,-11,-10,-10,-9,-8,-7,-6,-5,-4,-3,-2,-1,0,1,1,1,1,1,1,1,0,0,-1,-2,-2,-3,-3,-3,-2,-2,-1,1,2,5,7,11,14,18,22,27,31,36,40,44,48,52,55,58,59,60,60,59,57,54,49,44,38,31,23,14,5,-5,-15,-25,-35,-45,-54,-63,-71,-78,-84,-89,-92,-95,-96,-95,-94,-90,-86,-81,-74,-67,-58,-49,-40,-30,-21,-11,-2,7,16,24,31,37,43,47,50,53,54,55,55,53,52,49,46,43,39,35,31,27,23,19,16,13,10,7,5,4,2,1,1,0,0,0,0,1,1,2,2,2,3,3,3,3,3,2,2,1,0,-1,-2,-3,-4,-5,-6,-7,-7,-8,-9,-9,-10,-10,-10,-10,-10,-10,-10,-10,-9,-9,-9,-8,-8,-7,-7,-6,-6,-5,-5,-4,-4,-4,-3,-3,-3,-2,-2,-2,-1,-1,-1,0,0,0,1,1,1,2,2,2,2,3,3,3,3,4,4,4,4,4,4,4,4,4,5,5,5,5,5,5,5,5,5,5,5,5,5,5,5,4,4,4,3,3,2,1,1,0,-1,-1,-2,-3,-4,-4,-5,-6,-6,-6,-7,-7,-7,-7,-7,-7,-7,-6,-6,-5,-5,-4,-4,-3,-2,-2,-1,0,0,1,1,1,2,2,2,2,2,2,2,2,1,1,1,1,1,1,1,1,1,1,1,1,1,1,2,2,2,3,3,3,3,4,4,4,4,4,4,4,3,3,3,2,2,1,1,0,0,0,-1,-1,-1,-2,-2,-2,-2,-2,-2,-1,-1,-1,-1,0,0,0,0,0,0,0,0,0,-1,-1,-1,-2,-3,-3,-4,-5,-5,-6,-6,-7,-7,-8,-8,-8,-8,-8,-8,-8,-8,-8,-7,-7,-7,-6,-6,-6,-6,-6,-6,-6,-6,-6,-7,-7,-7,-7,-7,-7,-6,-6,-5,-3,-1,1,3,6,9,13,17,21,25,30,34,39,43,48,52,55,58,60,61,62,62,60,58,55,50,45,39,31,23,15,6,-4,-14,-24,-34,-44,-53,-62,-70,-77,-83,-88,-92,-94,-95,-95,-93,-91,-86,-81,-75,-68,-60,-51,-42,-32,-22,-13,-3,6,15,23,30,37,43,47,51,54,56,57,57,56,55,52,50,46,43,39,34,30,26,22,18,14,11,8,5,2,0,-1,-3,-3,-4,-4,-5,-4,-4,-4,-3,-3,-2,-2,-2,-1,-1,-1,-1,-1,-2,-2,-2,-3,-3,-4,-5,-5,-6,-7,-7,-8,-8,-8,-9,-9,-9,-9,-9,-8,-8,-8,-7,-7,-6,-6,-5,-5,-4,-4,-3,-3,-2,-2,-1,-1,-1,0,0,0,0,1,1,1,1,1,2,2,2,2,2,2,3,3,3,3,3,4,4,4,4,5,5,5,5,6,6,6,6,6,6,6,6,6,5,5,5,4,4,3,3,2,2,1,0,-1,-1,-2,-3,-3,-4,-5,-5,-6,-6,-6,-7,-7,-7,-7,-7,-7,-7,-7,-7,-6,-6,-6,-5,-5,-4,-4,-3,-3,-3,-2,-2,-1,-1,-1,-1,-1,0,0,0,0,0,0,0,0,0,0,0,0,0,0,0,0,1,1,1,2,2,3,4,4,5,6,6,7,8,8,9,9,10,10,10,10,10,10,10,10,9,9,8,7,6,5,4,3,2,1,0,-1,-2,-3,-4,-5,-6,-6,-6,-7,-7,-7,-7,-7,-6,-6,-6,-5,-5,-5,-5,-4,-4,-4,-4,-4,-5,-5,-5,-6,-6,-7,-8,-8,-9,-10,-10,-11,-12,-12,-12,-12,-12,-12,-12,-11,-11,-10,-9,-8,-7,-6,-5,-5,-4,-3,-2,-1,-1,0,0,1,1,1,2,2,3,3,4,5,6,7,9,11,13,16,19,22,26,29,33,37,41,45,49,52,55,58,59,61,61,61,60,57,54,50,45,39,32,24,16,7,-3,-13,-23,-33,-43,-53,-62,-71,-78,-85,-91,-96,-99,-101,-102,-101,-99,-96,-92,-86,-80,-72,-64,-55,-46,-36,-26,-16,-7,2,11,19,27,34,40,45,49,52,55,56,57,57,56,54,52,50,47,44,41,38,34,31,28,25,23,20,18,16,14,13,11,10,9,9,8,7,7,6,5,4,3,3,2,0,-1,-2,-4,-5,-6,-8,-9,-11,-12,-13,-14,-15,-16,-17,-17,-18,-18,-18,-18,-17,-17,-16,-15,-15,-14,-13,-12,-11,-10,-9,-8,-7,-6,-6,-5,-4,-3,-3,-2,-2,-1,-1,0,0,1,1,2,2,3,3,4,5,5,6,7,7,8,8,9,10,10,10,11,11,11,11,11,11,10,10,9,9,8,7,7,6,5,4,3,1,0,-1,-2,-3,-3,-4,-5,-6,-6,-7,-7,-7,-8,-8,-8,-7,-7,-7,-7,-6,-6,-5,-5,-5,-4,-4,-3,-3,-3,-2,-2,-2,-1,-1,-1,-1,-1,-1,-1,-1,0,0,0,0,0,0,1,1,1,1,2,2,2,2,3,3,3,3,3,3,3,2,2,2,1,1,0,-1,-1,-2,-2,-3,-3,-3,-4,-4,-4,-4,-4,-4,-4,-4,-3,-3,-3,-2,-2,-2,-2,-2,-2,-2,-3,-3,-4,-5,-5,-6,-7,-7,-8,-8,-9,-9,-8,-8,-6,-5,-3,-1,2,5,9,13,17,21,26,30,35,39,43,47,50,53,55,56,57,56,54,52,48,44,38,32,25,17,8,-1,-10,-20,-29,-39,-48,-56,-64,-71,-77,-82,-86,-88,-89,-89,-88,-85,-81,-76,-70,-63,-56,-47,-38,-29,-20,-11,-1,7,16,23,31,37,42,47,50,53,54,55,55,54,52,50,47,44,40,36,32,28,24,21,17,14,11,8,6,4,2,1,0,-1,-1,-1,-1,-1,-1,-1,-1,-1,-1,-1,-1,-1,-1,-2,-2,-3,-4,-5,-5,-6,-7,-8,-9,-10,-10,-11,-12,-12,-12,-12,-12,-12,-12,-12,-11,-11,-10,-10,-9,-9,-8,-7,-7,-6,-5,-5,-4,-4,-3,-3,-2,-2,-1,0,0,1,1,2,3,3,4,5,6,6,7,8,8,9,9,10,10,10,10,10,10,10,10,9,9,8,8,7,6,6,5,4,3,3,2,1,1,0,-1,-1,-1,-2,-2,-3,-3,-3,-3,-4,-4,-4,-4,-5,-5,-5,-5,-6,-6,-6,-7,-7,-8,-8,-8,-8,-8,-9,-9,-9,-8,-8,-8,-7,-7,-6,-5,-4,-3,-2,-1,0,1,2,4,5,6,7,8,9,9,10,10,11,11,11,11,10,10,10,9,9,8,7,6,6,5,4,3,2,2,1,0,-1,-1,-2,-2,-3,-4,-4,-5,-5,-6,-6,-7,-8,-8,-9,-9,-10,-10,-11,-11,-12,-12,-12,-12,-12,-12,-11,-11,-10,-10,-9,-8,-7,-6,-4,-3,-2,-1,0,1,1,2,2,2,2,2,2,1,1,0,0,-1,-2,-2,-2,-3,-2,-2,-1,1,2,5,7,11,14,18,22,27,31,36,40,45,49,53,56,59,60,61,61,61,59,56,52,46,40,33,25,16,7,-3,-13,-23,-34,-44,-54,-63,-71,-79,-86,-91,-95,-98,-100,-100,-99,-96,-92,-87,-81,-73,-65,-56,-47,-37,-27,-17,-7,3,12,21,29,36,42,48,52,56,58,59,60,59,58,56,54,50,47,43,39,35,31,27,23,19,16,12,10,7,5,3,2,0,0,-1,-2,-2,-2,-2,-2,-2,-3,-3,-3,-3,-3,-4,-4,-5,-6,-7,-7,-8,-9,-10,-10,-11,-11,-12,-12,-12,-12,-12,-12,-12,-11,-11,-10,-9,-9,-8,-7,-6,-5,-4,-2,-1,0,1,2,2,3,4,5,6,6,7,7,7,8,8,8,8,8,8,8,8,7,7,7,6,5,5,4,3,2,1,1,0,-1,-2,-3,-4,-4,-5,-6,-6,-7,-7,-8,-8,-8,-8,-8,-8,-8,-7,-7,-7,-6,-6,-5,-5,-4,-4,-3,-2,-2,-1,-1,0,0,0,1,1,2,2,2,3,3,3,4,4,4,5,5,5,6,6,7,7,7,8,8,8,8,9,9,9,8,8,8,7,7,6,6,5,4,3,2,1,0,-1,-2,-3,-4,-5,-6,-7,-8,-8,-8,-9,-9,-9,-8,-8,-8,-7,-7,-6,-5,-5,-4,-4,-3,-2,-2,-2,-2,-2,-2,-2,-2,-2,-3,-3,-4,-5,-5,-6,-7,-7,-8,-8,-8,-8,-8,-8,-8,-8,-7,-7,-6,-5,-5,-4,-3,-2,-2,-1,-1,-1,0,0,0,0,0,-1,-1,-1,0,0,0,1,2,3,5,7,10,12,16,19,23,27,32,36,40,45,49,53,56,59,61,63,63,63,62,59,56,52,46,40,32,24,15,5,-5,-16,-26,-37,-48,-58,-67,-76,-84,-91,-97,-102,-105,-107,-108,-107,-104,-100,-95,-89,-81,-73,-64,-54,-44,-33,-22,-12,-1,9,18,27,35,42,48,53,58,61,63,64,64,64,62,60,58,55,51,47,43,39,35,31,28,24,21,18,15,12,10,9,7,6,5,4,3,3,2,2,1,1,0,0,-1,-2,-2,-3,-4,-5,-7,-8,-9,-10,-11,-13,-14,-15,-16,-17,-17,-18,-18,-19,-19,-19,-19,-19,-18,-18,-17,-16,-16,-15,-14,-13,-12,-10,-9,-8,-7,-6,-4,-3,-2,-1,0,2,3,4,5,6,7,8,9,9,10,11,11,12,12,12,12,12,12,12,12,12,12,11,11,10,10,9,8,8,7,7,6,5,5,4,3,3,2,1,1,0,-1,-1,-2,-3,-3,-4,-5,-5,-6,-7,-7,-8,-9,-9,-10,-10,-10,-11,-11,-11,-11,-11,-11,-11,-11,-11,-10,-10,-9,-9,-8,-8,-7,-6,-5,-4,-4,-3,-2,-1,0,1,2,3,4,5,6,7,7,8,9,10,10,11,12,12,12,13,13,13,13,13,12,12,12,11,10,9,8,7,6,5,4,3,1,0,-1,-2,-3,-5,-6,-7,-7,-8,-9,-9,-9,-9,-10,-9,-9,-9,-8,-8,-7,-7,-6,-5,-5,-4,-3,-2,-2,-1,-1,0,0,0,1,1,1,1,1,1,0,0,0,0,-1,-1,-1,-1,-1,-2,-2,-2,-2,-2,-1,-1,-1,-1,0,0,0,1,1,1,2,2,2,3,3,3,3,4,4,4,4,4,4,4,3,3,3,3,3,2,2,2,2,1,1,1,1,1,1,1,1,1,1,1,1,1,1,1,1,2,2,2,2,2,2,2,2,2,2,2,1,1,1,1,0,0,0,-1,-1,-1,-2,-2,-2,-2,-3,-3,-3,-3,-3,-3,-3,-3,-3,-3,-3,-3,-3,-3,-3,-3,-3,-4,-4,-4,-5,-5,-6,-6,-7,-7,-7,-8,-8,-8,-8,-8,-8,-8,-7,-7,-6,-6,-5,-4,-3,-2,-2,-1,0,1,1,1,2,2,1,1,1,0,0,-1,-2,-2,-3,-3,-3,-3,-3,-3,-2,0,2,4,6,9,13,17,21,25,29,34,38,43,47,50,53,56,58,59,59,58,56,53,49,44,38,32,24,15,6,-3,-13,-23,-33,-43,-52,-61,-69,-77,-83,-88,-92,-95,-96,-96,-95,-92,-88,-83,-76,-69,-61,-52,-43,-33,-23,-13,-3,7,16,24,32,38,44,49,53,56,58,59,59,58,57,55,52,48,44,40,36,32,28,23,19,16,12,9,6,4,2,0,-1,-2,-3,-3,-4,-4,-4,-4,-4,-4,-4,-4,-4,-5,-5,-5,-6,-7,-7,-8,-9,-9,-10,-10,-11,-11,-11,-11,-11,-11,-11,-10,-9,-8,-7,-6,-5,-4,-3,-2,0,1,2,3,4,4,5,5,6,6,6,6,5,5,5,4,4,3,2,2,1,1,0,0,-1,-1,-2,-2,-2,-2,-2,-2,-2,-2,-2,-2,-2,-2,-2,-2,-2,-1,-1,-1,-1,-2,-2,-2,-2,-2,-2,-2,-2,-2,-2,-2,-2,-2,-2,-2,-2,-2,-1,-1,-1,0,0,1,1,2,2,3,4,4,5,5,6,6,6,7,7,7,7,7,7,7,7,6,6,6,5,5,4,3,3,2,1,1,0,-1,-1,-2,-3,-4,-4,-5,-5,-6,-7,-7,-7,-8,-8,-8,-9,-9,-9,-9,-9,-9,-9,-9,-8,-8,-8,-7,-7,-6,-5,-5,-4,-3,-3,-2,-1,0,0,1,2,3,3,4,5,6,6,7,8,8,9,9,9,10,10,10,11,11,11,11,11,11,11,10,10,10,9,9,9,8,7,7,6,5,4,3,2,1,0,-1,-2,-3,-5,-6,-7,-8,-9,-10,-11,-12,-12,-13,-13,-13,-13,-13,-13,-13,-12,-12,-11,-10,-9,-8,-7,-6,-5,-4,-3,-2,-1,0,0,1,1,1,2,2,1,1,1,1,0,0,-1,-1,-1,-1,-1,-1,-1,-1,-1,0,0,1,2,3,3,4,5,5,6,6,6,6,5,5,4,3,2,0,-1,-3,-4,-6,-7,-8,-9,-10,-10,-10,-10,-9,-7,-5,-2,1,5,9,14,19,24,29,34,39,44,48,52,55,58,59,60,59,58,55,51,46,40,33,25,16,7,-3,-13,-24,-34,-44,-54,-63,-71,-78,-85,-90,-93,-96,-97,-96,-94,-91,-86,-80,-73,-65,-57,-47,-38,-27,-17,-7,3,12,21,29,36,43,48,52,56,58,59,59,59,57,55,52,49,45,41,37,32,28,24,20,16,12,9,7,4,2,1,0,-1,-1,-2,-2,-2,-1,-1,-1,-1,-1,-1,-1,-1,-1,-2,-3,-4,-5,-6,-7,-8,-9,-10,-11,-12,-13,-13,-14,-14,-14,-14,-14,-13,-12,-12,-11,-9,-8,-7,-6,-4,-3,-2,-1,0,1,2,3,3,4,4,4,4,4,4,4,4,3,3,3,3,2,2,2,2,1,1,1,1,1,2,2,2,2,2,2,3,3,3,3,3,3,3,3,3,3,3,3,3,2,2,2,1,1,0,0,0,-1,-1,-2,-2,-2,-3,-3,-3,-3,-4,-4,-4,-4,-4,-4,-4,-4,-4,-4,-4,-4,-4,-3,-3,-3,-2,-2,-2,-1,-1,-1,0,0,0,1,1,1,2,2,2,2,3,3,3,3,3,3,3,3,3,3,2,2,2,2,2,2,2,2,2,2,2,2,2,2,2,2,2,2,2,2,1,1,1,1,0,0,-1,-1,-2,-2,-3,-3,-4,-5,-5,-6,-6,-7,-7,-7,-8,-8,-8,-7,-7,-7,-6,-6,-5,-4,-4,-3,-2,-1,0,1,3,4,5,5,6,7,8,8,9,9,9,9,9,9,9,9,8,8,7,6,6,5,4,3,3,2,1,0,0,-1,-2,-2,-2,-3,-3,-3,-4,-4,-4,-4,-4,-4,-4,-4,-4,-4,-4,-4,-4,-4,-4,-4,-4,-4,-4,-4,-4,-4,-4,-4,-4,-4,-4,-4,-3,-3,-3,-2,-2,-1,-1,0,1,1,2,2,3,4,4,5,5,6,6,6,7,7,7,7,7,7,7,7,6,6,6,5,5,4,3,3,2,2,1,1,0,-1,-1,-2,-2,-3,-3,-3,-4,-4,-5,-5,-5,-5,-6,-6,-6,-6,-7,-7,-7,-7,-7,-7,-7,-7,-7,-7,-7,-7,-7,-6,-6,-5,-5,-4,-4,-3,-2,-1,0,1,2,3,4,5,6,7,8,9,10,11,11,12,12,13,13,13,13,12,12,11,11,10,9,8,7,6,5,4,3,2,1,0,-1,-2,-2,-3,-4,-4,-5,-5,-5,-6,-6,-6,-6,-6,-6,-6,-6,-6,-7,-7,-7,-7,-7,-8,-8,-8,-9,-9,-10,-10,-10,-11,-11,-11,-11,-11,-11,-11,-10,-9,-9,-8,-7,-5,-4,-3,-1,0,2,4,5,7,8,10,11,13,14,15,16,16,17,17,17,17,17,16,16,15,14,13,12,11,9,8,7,6,4,3,2,1,0,-1,-1,-2,-3,-3,-4,-4,-4,-4,-4,-4,-4,-4,-4,-4,-4,-4,-4,-4,-4,-4,-4,-4,-5,-5,-5,-5,-6,-6,-6,-7,-7,-7,-8,-8,-8,-9,-9,-10,-10,-10,-11,-11,-11,-11,-11,-11,-11,-11,-11,-10,-10,-9,-8,-7,-6,-5,-4,-3,-1,0,2,4,5,7,8,10,11,12,13,13,14,14,14,14,13,12,11,10,8,7,5,3,1,0,-2,-3,-5,-5,-6,-6,-6,-5,-3,-1,1,4,7,11,15,19,23,28,32,36,40,43,46,49,50,51,51,50,48,45,41,36,30,23,16,7,-1,-10,-20,-29,-38,-47,-56,-64,-71,-78,-83,-87,-90,-92,-92,-91,-89,-86,-81,-75,-68,-61,-52,-43,-33,-24,-14,-4,6,15,24,32,39,45,51,55,59,62,63,64,63,62,60,58,54,51,46,42,37,33,28,23,19,15,11,7,4,1,-2,-4,-6,-8,-10,-11,-12,-13,-13,-14,-14,-15,-15,-15,-15,-16,-16,-16,-16,-16,-16,-16,-16,-16,-15,-15,-14,-13,-12,-11,-10,-8,-6,-4,-2,-1,2,4,6,7,9,11,13,14,15,16,17,17,17,17,17,16,16,15,14,12,11,9,8,6,5,3,2,0,-1,-2,-3,-5,-6,-6,-7,-8,-8,-9,-9,-10,-10,-10,-10,-11,-11,-11,-11,-11,-11,-12,-12,-12,-12,-12,-12,-12,-12,-12,-12,-11,-11,-10,-9,-9,-8,-7,-5,-4,-3,-1,0,2,4,5,7,9,10,12,13,14,16,17,17,18,19,19,19,19,19,19,18,17,16,15,14,13,11,10,8,7,5,4,2,1,-1,-2,-3,-5,-6,-7,-8,-9,-10,-10,-11,-11,-12,-12,-12,-12,-12,-12,-12,-12,-12,-12,-12,-11,-11,-11,-10,-10,-9,-9,-9,-8,-7,-7,-6,-6,-5,-4,-3,-2,-1,0,1,2,3,4,5,6,8,9,10,11,12,13,14,15,16,16,17,17,17,17,17,17,16,15,14,12,11,9,8,6,4,1,-1,-3,-5,-7,-9,-11,-13,-15,-16,-17,-18,-19,-20,-20,-20,-20,-20,-20,-19,-19,-18,-18,-17,-16,-16,-15,-15,-14,-14,-13,-13,-13,-13,-13,-12,-12,-11,-10,-9,-8,-6,-4,-1,2,5,9,14,18,23,29,34,40,46,51,57,62,66,70,73,76,77,78,77,76,73,69,64,57,50,41,32,22,11,0,-11,-23,-34,-45,-56,-66,-75,-83,-91,-96,-101,-104,-105,-106,-104,-102,-98,-92,-86,-79,-70,-61,-52,-42,-33,-23,-13,-4,5,13,20,27,33,37,41,44,46,47,48,47,46,45,42,40,37,35,32,29,26,24,21,19,18,16,15,14,14,14,14,14,14,15,15,16,16,16,16,16,16,15,14,13,12,11,9,7,5,3,1,-1,-3,-6,-8,-10,-11,-13,-15,-16,-17,-18,-19,-19,-20,-20,-20,-20,-19,-19,-18,-18,-17,-17,-16,-15,-14,-14,-13,-12,-11,-10,-10,-9,-8,-7,-6,-5,-4,-3,-2,-1,1,2,3,4,6,7,8,9,10,11,12,13,13,14,14,15,15,15,15,14,14,13,13,12,11,10,9,8,7,6,5,4,2,1,0,-1,-1,-2,-3,-4,-4,-5,-6,-6,-6,-7,-7,-7,-7,-7,-7,-7,-7,-7,-7,-7,-7,-6,-6,-6,-6,-6,-5,-5,-5,-5,-4,-4,-4,-3,-3,-3,-2,-2,-2,-1,-1,-1,0,0,0,1,1,1,2,2,3,3,3,4,4,4,4,5,5,5,5,5,5,5,5,5,5,5,4,4,4,3,3,2,2,2,1,0,0,-1,-1,-2,-2,-2,-3,-3,-3,-3,-3,-3,-3,-3,-3,-3,-2,-2,-1,-1,0,1,1,2,3,3,4,5,5,6,6,6,7,7,7,6,6,6,5,4,3,2,1,0,-2,-3,-5,-6,-7,-9,-10,-12,-13,-14,-14,-15,-15,-16,-16,-15,-15,-14,-13,-12,-11,-10,-9,-7,-6,-5,-3,-2,-1,0,0,1,1,1,1,0,0,-1,-2,-2,-3,-4,-5,-5,-5,-5,-4,-3,-2,0,3,6,9,13,18,22,27,32,38,43,48,53,57,61,64,66,67,68,67,65,62,58,53,46,39,31,21,11,1,-10,-21,-32,-43,-53,-63,-72,-81,-88,-94,-99,-102,-104,-105,-103,-101,-97,-92,-86,-78,-70,-61,-51,-41,-31,-20,-10,0,10,18,27,34,40,46,51,54,56,58,59,58,57,55,53,50,47,43,40,36,32,28,25,21,18,15,13,11,9,8,6,5,5,4,4,4,4,3,3,3,3,2,2,1,1,0,-1,-2,-4,-5,-6,-7,-8,-10,-11,-12,-13,-14,-14,-15,-15,-16,-16,-16,-15,-15,-15,-14,-14,-13,-12,-12,-11,-10,-9,-9,-8,-7,-6,-6,-5,-4,-4,-3,-2,-1,-1,0,1,2,2,3,4,5,6,7,8,8,9,10,11,11,12,12,12,13,13,13,12,12,12,11,11,10,9,8,7,6,5,4,3,1,0,-1,-2,-3,-4,-5,-6,-7,-7,-8,-9,-9,-9,-10,-10,-10,-10,-9,-9,-9,-9,-8,-8,-7,-7,-6,-5,-5,-4,-3,-3,-2,-2,-1,-1,0,1,1,1,2,2,3,3,3,3,4,4,4,4,4,4,4,5,5,5,5,4,4,4,4,4,4,4,3,3,3,2,2,2,1,1,0,0,-1,-1,-1,-2,-2,-3,-3,-3,-4,-4,-4,-4,-4,-5,-4,-4,-4,-4,-4,-4,-3,-3,-2,-2,-2,-1,-1,0,0,1,1,2,2,3,3,3,4,4,4,4,4,4,4,4,4,4,4,4,4,4,4,3,3,3,3,2,2,2,2,1,1,1,1,1,0,0,0,0,0,0,-1,-1,-1,-1,-1,-1,-1,-1,-1,-1,-1,-1,-1,-1,-1,-2,-2,-2,-2,-3,-3,-4,-4,-5,-5,-6,-7,-8,-8,-9,-9,-10,-10,-11,-11,-11,-11,-11,-11,-10,-10,-9,-8,-7,-6,-5,-3,-2,-1,0,1,2,3,4,4,5,5,5,4,4,3,3,2,1,0,0,-1,-1,-2,-2,-1,0,1,2,4,7,10,13,17,21,25,29,34,38,42,46,50,53,55,57,58,58,57,55,52,48,44,38,31,23,15,6,-3,-13,-23,-33,-43,-52,-61,-69,-76,-83,-88,-92,-95,-97,-97,-96,-93,-90,-85,-79,-72,-64,-56,-47,-37,-28,-18,-8,1,10,18,26,33,39,44,48,51,54,55,56,56,55,53,51,48,45,41,38,34,30,27,23,20,17,14,12,10,8,6,5,4,4,3,3,3,3,3,3,3,3,3,3,2,2,2,1,0,0,-1,-2,-3,-4,-5,-6,-7,-8,-9,-9,-10,-10,-11,-11,-11,-11,-11,-11,-11,-11,-11,-10,-10,-10,-9,-9,-9,-9,-8,-8,-8,-8,-8,-7,-7,-7,-7,-7,-6,-6,-6,-5,-5,-4,-4,-3,-3,-2,-1,0,1,2,3,3,4,5,6,7,8,9,9,10,10,11,11,11,12,12,12,11,11,11,11,10,10,9,9,8,7,7,6,5,4,4,3,2,1,0,0,-1,-2,-3,-4,-4,-5,-6,-6,-7,-8,-8,-9,-9,-10,-10,-10,-11,-11,-11,-11,-11,-11,-10,-10,-10,-9,-9,-8,-7,-7,-6,-5,-4,-3,-2,-1,0,1,2,3,3,4,5,6,6,7,8,8,8,9,9,9,9,9,9,8,8,8,7,7,7,6,6,5,5,4,4,3,3,2,2,2,1,1,1,1,0,0,0,0,-1,-1,-1,-1,-1,-2,-2,-2,-2,-3,-3,-3,-4,-4,-4,-5,-5,-5,-6,-6,-6,-6,-7,-7,-7,-7,-7,-7,-7,-6,-6,-6,-5,-5,-4,-4,-3,-2,-2,-1,0,1,1,2,3,4,4,5,5,6,6,6,6,6,6,6,6,6,5,5,4,4,3,3,2,1,1,0,0,-1,-1,-1,-2,-2,-2,-2,-2,-2,-1,-1,-1,0,0,1,1,2,3,3,4,4,4,5,5,5,5,5,4,4,4,3,3,2,1,1,0,-1,-1,-2,-3,-4,-4,-5,-5,-6,-6,-6,-6,-7,-7,-7,-6,-6,-6,-6,-5,-5,-5,-4,-4,-4,-4,-3,-3,-3,-3,-3,-3,-2,-2,-2,-2,-2,-2,-2,-2,-2,-2,-1,-1,0,0,1,1,2,2,3,4,5,6,6,7,8,9,9,10,10,11,11,11,11,11,11,10,10,9,9,8,7,6,6,5,4,3,2,1,0,-1,-2,-3,-3,-4,-5,-5,-5,-6,-6,-6,-6,-6,-6,-6,-6,-6,-5,-5,-5,-5,-4,-4,-4,-4,-4,-4,-4,-4,-4,-4,-4,-4,-5,-5,-5,-6,-6,-7,-7,-8,-8,-9,-9,-9,-10,-10,-10,-10,-9,-9,-8,-8,-7,-6,-5,-4,-3,-2,-1,1,2,3,4,5,5,6,6,7,7,7,6,6,5,5,4,3,3,2,2,1,1,2,2,3,4,6,8,10,13,16,19,23,27,31,34,38,41,45,47,49,51,52,52,51,49,47,43,39,33,27,20,12,4,-5,-14,-23,-32,-41,-50,-58,-66,-73,-79,-84,-88,-90,-92,-92,-90,-88,-84,-79,-73,-66,-59,-50,-41,-32,-22,-13,-3,6,14,23,30,37,43,47,51,54,56,57,57,57,55,53,50,47,43,39,34,30,26,21,17,13,10,6,3,1,-1,-3,-5,-6,-6,-7,-7,-7,-7,-6,-6,-5,-5,-4,-4,-3,-3,-3,-3,-3,-3,-3,-3,-3,-4,-4,-4,-4,-5,-5,-5,-5,-5,-4,-4,-4,-3,-3,-2,-1,-1,0,0,1,1,2,2,3,3,3,3,3,3,3,2,2,2,1,1,0,-1,-1,-2,-2,-3,-3,-3,-4,-4,-4,-5,-5,-5,-5,-5,-5,-5,-5,-5,-5,-4,-4,-4,-4,-4,-3,-3,-3,-2,-2,-1,-1,-1,0,0,1,1,2,2,3,4,4,5,5,5,6,6,6,6,7,7,6,6,6,6,5,5,4,4,3,2,2,1,0,0,-1,-2,-2,-3,-3,-3,-4,-4,-4,-4,-4,-4,-4,-4,-4,-3,-3,-3,-3,-2,-2,-2,-2,-1,-1,-1,-1,-1,-1,-1,-1,-1,-2,-2,-2,-2,-2,-2,-2,-2,-2,-2,-2,-2,-2,-2,-1,-1,-1,0,0,1,2,2,3,4,5,5,6,7,7,8,8,9,9,9,9,9,9,9,9,8,8,7,6,5,4,3,2,1,0,-2,-3,-4,-6,-7,-8,-9,-10,-11,-12,-13,-13,-14,-14,-14,-14,-13,-13,-12,-12,-11,-10,-9,-8,-6,-5,-4,-2,-1,0,1,2,4,4,5,6,7,7,8,8,8,8,8,8,8,8,8,8,8,7,7,7,7,7,7,7,7,7,7,7,7,7,7,7,7,7,7,6,6,6,5,4,4,3,2,1,0,-2,-3,-4,-5,-7,-8,-9,-10,-11,-12,-13,-14,-15,-15,-15,-15,-15,-15,-14,-14,-13,-12,-11,-10,-9,-7,-6,-5,-3,-2,-1,1,2,3,4,5,6,7,7,8,8,9,9,9,9,9,8,8,8,8,7,7,6,6,6,5,5,4,4,4,4,3,3,3,3,3,3,2,2,2,2,2,2,2,2,2,2,2,2,2,2,2,1,1,1,1,0,0,0,-1,-2,-2,-3,-3,-4,-5,-6,-7,-7,-8,-9,-10,-10,-11,-12,-12,-12,-12,-13,-13,-12,-12,-11,-11,-10,-9,-8,-7,-6,-5,-4,-4,-3,-2,-1,-1,-1,0,0,-1,-1,-1,-2,-3,-3,-4,-4,-5,-5,-5,-5,-4,-3,-2,0,2,5,8,12,16,20,25,30,35,39,44,49,53,57,60,63,64,65,65,64,62,58,54,48,42,34,26,17,7,-3,-14,-24,-35,-45,-55,-64,-72,-80,-86,-91,-95,-98,-99,-99,-97,-94,-90,-85,-78,-71,-62,-53,-44,-34,-24,-14,-5,5,13,22,29,35,41,45,49,51,53,54,53,52,50,48,45,42,38,34,30,26,22,19,15,12,10,7,6,4,3,2,2,2,2,3,3,4,4,5,6,6,7,7,7,7,6,6,5,4,3,2,1,0,-2,-3,-4,-5,-6,-7,-8,-9,-9,-9,-9,-9,-9,-9,-8,-7,-7,-6,-5,-4,-4,-3,-2,-2,-2,-1,-1,-1,-1,-2,-2,-3,-3,-4,-5,-5,-6,-7,-8,-9,-9,-10,-10,-10,-11,-11,-11,-10,-10,-9,-9,-8,-7,-6,-5,-4,-2,-1,0,2,3,4,5,6,7,8,9,9,10,10,10,10,10,10,10,10,9,9,9,8,8,7,6,6,5,5,5,4,4,4,4,4,4,4,4,4,4,5,5,5,5,5,5,5,5,4,4,4,3,2,1,0,-1,-2,-3,-4,-5,-7,-8,-9,-11,-12,-13,-14,-15,-15,-16,-16,-17,-17,-17,-16,-16,-15,-15,-14,-13,-11,-10,-9,-8,-6,-5,-3,-2,-1,1,2,3,4,6,7,7,8,9,10,10,10,11,11,11,11,11,12,11,11,11,11,11,11,11,10,10,10,9,9,9,8,8,7,7,6,5,5,4,3,2,1,1,0,-1,-2,-3,-4,-5,-6,-6,-7,-8,-9,-9,-10,-10,-10,-11,-11,-11,-11,-11,-10,-10,-10,-9,-9,-8,-7,-6,-6,-5,-4,-3,-2,-1,0,1,2,2,3,4,4,5,5,6,6,7,7,7,7,7,7,7,7,7,7,7,6,6,6,6,6,5,5,5,4,4,4,3,3,2,1,0,0,-1,-2,-3,-4,-5,-6,-7,-8,-9,-10,-11,-12,-13,-13,-13,-14,-14,-14,-14,-13,-13,-12,-12,-11,-10,-9,-8,-8,-7,-6,-5,-5,-4,-4,-4,-3,-3,-3,-3,-3,-3,-2,-2,-1,0,1,2,4,6,9,12,15,18,22,26,30,35,39,43,47,51,55,58,60,61,62,62,61,60,57,53,48,42,35,27,19,10,0,-10,-20,-30,-40,-50,-59,-68,-76,-83,-88,-93,-97,-99,-99,-99,-97,-94,-89,-84,-77,-70,-61,-52,-43,-33,-23,-13,-4,5,14,22,30,36,42,47,51,54,56,57,57,57,55,54,51,48,45,42,38,34,31,27,24,21,18,15,13,11,9,7,6,5,4,4,3,3,2,2,2,1,1,0,-1,-1,-2,-3,-4,-5,-7,-8,-9,-10,-11,-12,-13,-14,-14,-15,-15,-15,-15,-15,-14,-14,-13,-12,-11,-10,-9,-8,-7,-6,-5,-4,-3,-2,-2,-1,0,0,0,1,1,1,1,1,1,1,1,1,1,1,1,1,1,1,1,1,1,1,2,2,2,2,3,3,3,3,4,4,4,4,4,4,4,4,4,4,4,4,3,3,3,2,2,2,1,1,1,0,0,0,-1,-1,-1,-1,-2,-2,-2,-2,-2,-2,-2,-2,-1,-1,-1,-1,-1,0,0,0,0,1,1,1,1,1,1,1,1,1,1,0,0,0,-1,-1,-1,-2,-2,-3,-3,-4,-4,-5,-5,-5,-6,-6,-6,-6,-6,-6,-6,-5,-5,-4,-4,-3,-2,-2,-1,0,1,2,2,3,4,5,5,6,7,7,7,8,8,8,8,8,8,8,7,7,6,6,5,5,4,4,3,3,2,2,1,1,1,0,0,0,0,0,0,0,0,0,0,-1,-1,-1,-1,-1,-1,-2,-2,-3,-4,-4,-5,-6,-7,-8,-9,-10,-11,-12,-12,-13,-14,-14,-14,-14,-14,-14,-14,-13,-12,-11,-10,-9,-8,-7,-5,-4,-2,-1,0,1,2,3,3,4,4,4,4,3,3,2,2,1,1,1,1,1,2,2,4,5,7,10,13,16,20,23,28,32,36,40,44,48,52,55,57,59,60,60,59,57,54,50,45,39,32,24,16,6,-3,-13,-24,-34,-44,-54,-63,-72,-80,-86,-92,-97,-100,-102,-102,-101,-99,-95,-90,-84,-77,-69,-60,-51,-41,-31,-20,-10,0,9,18,27,34,41,47,52,56,59,61,62,62,61,60,58,55,52,49,45,41,38,34,30,27,23,20,18,15,13,11,10,8,7,6,5,5,4,3,3,2,1,0,-1,-2,-3,-4,-6,-8,-9,-11,-13,-15,-16,-18,-19,-21,-22,-23,-24,-24,-24,-24,-24,-23,-23,-22,-20,-19,-17,-16,-14,-12,-10,-8,-6,-4,-2,-1,1,2,4,5,6,7,7,8,8,9,9,9,9,9,9,9,9,8,8,8,8,8,8,8,8,8,8,9,9,9,9,9,9,9,9,9,9,8,8,7,6,5,5,3,2,1,0,-2,-3,-5,-6,-7,-9,-10,-11,-12,-13,-14,-14,-15,-15,-15,-15,-14,-14,-13,-12,-11,-9,-8,-6,-5,-3,-2,0,2,3,5,6,7,8,9,10,11,11,11,12,11,11,11,10,10,9,8,7,6,5,4,3,3,2,1,0,0,-1,-1,-2,-2,-2,-2,-2,-2,-2,-2,-2,-2,-2,-2,-3,-3,-3,-3,-4,-4,-5,-6,-6,-7,-8,-8,-9,-10,-10,-11,-11,-11,-12,-12,-11,-11,-10,-10,-9,-8,-7,-6,-5,-3,-2,-1,0,1,1,2,2,2,2,2,2,1,0,-1,-1,-2,-3,-3,-4,-4,-4,-3,-2,-1,1,4,7,10,14,18,23,27,32,37,42,47,52,56,59,62,64,65,66,65,63,60,55,50,43,36,28,18,8,-2,-13,-24,-35,-46,-56,-66,-75,-83,-90,-96,-100,-103,-105,-105,-104,-101,-97,-91,-85,-77,-68,-59,-49,-39,-28,-17,-7,3,13,22,30,37,44,49,53,57,59,60,60,59,58,56,53,49,46,42,37,33,29,25,21,17,14,11,9,7,5,4,3,2,2,2,2,3,3,4,4,5,5,5,5,5,5,5,4,3,2,1,0,-1,-3,-4,-6,-7,-9,-10,-11,-12,-13,-14,-15,-15,-16,-16,-16,-16,-15,-15,-15,-14,-13,-13,-12,-11,-10,-10,-9,-8,-7,-6,-6,-5,-4,-3,-3,-2,-1,0,0,1,2,2,3,4,4,5,6,6,7,7,8,8,8,9,9,9,9,9,9,9,8,8,8,8,7,7,6,6,5,5,4,4,3,3,2,2,1,1,0,0,0,-1,-1,-2,-2,-3,-3,-3,-4,-4,-4,-5,-5,-5,-6,-6,-6,-6,-7,-7,-7,-7,-7,-7,-7,-6,-6,-6,-5,-5,-4,-4,-3,-2,-2,-1,0,0,1,1,2,2,3,3,4,4,4,4,4,4,4,4,4,4,3,3,3,2,2,2,1,1,1,1,0,0,0,0,0,0,1,1,1,1,1,2,2,2,2,2,3,3,3,3,3,2,2,2,2,1,1,1,0,0,-1,-1,-2,-2,-2,-3,-3,-4,-4,-4,-4,-4,-4,-4,-4,-4,-4,-3,-3,-3,-2,-2,-2,-1,-1,-1,0,0,1,1,1,1,2,2,2,2,2,2,3,3,2,2,2,2,2,2,2,1,1,1,1,0,0,0,-1,-1,-2,-2,-2,-2,-3,-3,-3,-3,-3,-3,-3,-3,-3,-3,-2,-2,-1,-1,0,0,1,2,2,3,4,4,5,5,6,6,6,6,6,6,6,6,6,5,5,4,3,2,2,1,0,-1,-2,-2,-3,-4,-4,-5,-5,-6,-6,-6,-6,-6,-6,-5,-5,-4,-4,-3,-3,-2,-2,-1,-1,0,0,0,1,1,1,1,1,1,1,1,0,0,0,0,-1,-1,-1,-2,-2,-2,-2,-2,-2,-2,-2,-1,-1,-1,0,0,1,1,2,2,3,3,4,4,4,5,5,5,5,4,4,4,4,3,3,2,2,1,0,0,-1,-1,-1,-2,-2,-2,-2,-2,-2,-2,-2,-1,-1,0,0,1,1,2,2,3,3,3,4,4,4,4,4,4,3,3,2,2,1,0,0,-1,-2,-2,-3,-4,-4,-4,-5,-5,-5,-5,-5,-4,-4,-4,-3,-3,-2,-2,-1,-1,0,0,0,0,0,0,0,-1,-1,-2,-3,-4,-5,-6,-7,-8,-9,-9,-10,-10,-11,-11,-11,-10,-10,-9,-8,-7,-6,-4,-3,-1,0,2,3,4,6,6,7,8,8,8,7,7,6,5,4,3,2,1,0,-1,-1,-1,-1,0,1,2,4,7,10,13,17,21,25,30,34,38,42,46,49,51,53,54,54,53,52,49,45,40,34,27,19,11,2,-8,-17,-27,-37,-47,-56,-65,-73,-80,-86,-90,-94,-96,-97,-96,-94,-91,-86,-81,-74,-66,-57,-48,-38,-28,-18,-8,2,11,20,29,36,43,48,53,56,59,61,61,61,60,58,55,52,48,44,40,35,31,27,23,19,15,12,9,6,4,3,1,0,0,-1,-1,-1,-1,-1,0,0,0,0,0,0,-1,-1,-2,-2,-3,-4,-5,-6,-8,-9,-10,-11,-12,-12,-13,-13,-14,-14,-14,-13,-13,-12,-12,-11,-10,-9,-7,-6,-5,-4,-3,-2,-1,-1,0,0,1,1,1,1,1,1,0,0,-1,-1,-1,-2,-2,-2,-3,-3,-3,-3,-2,-2,-2,-1,0,0,1,2,3,4,5,5,6,7,8,8,8,9,9,9,8,8,8,7,6,6,5,4,3,2,1,0,-1,-1,-2,-3,-3,-4,-4,-4,-4,-4,-4,-3,-3,-3,-2,-2,-1,-1,0,0,1,1,1,1,1,1,1,0,0,-1,-1,-2,-3,-3,-4,-5,-5,-6,-7,-7,-7,-7,-7,-7,-7,-6,-6,-5,-4,-3,-2,-1,0,1,2,4,5,6,7,7,8,9,9,9,9,9,9,8,8,7,6,6,5,4,3,2,1,1,0,-1,-1,-2,-2,-2,-2,-2,-2,-1,-1,-1,0,0,1,1,2,2,3,3,3,3,3,3,3,2,2,1,1,0,-1,-2,-2,-3,-4,-5,-6,-6,-7,-8,-8,-9,-9,-10,-10,-10,-10,-11,-11,-11,-10,-10,-10,-10,-10,-9,-9,-8,-8,-7,-6,-6,-5,-4,-3,-2,-1,0,1,2,3,4,5,6,7,8,8,8,9,9,8,8,7,7,6,5,4,3,2,0,0,-1,-2,-2,-2,-2,-1,0,1,3,6,9,12,15,19,23,27,32,36,39,43,46,49,51,52,53,52,51,48,45,41,36,29,22,14,6,-3,-12,-22,-31,-41,-50,-59,-67,-74,-81
0,0,0,0,0,0,0,0,0,0,0,0,0,0,0,0,0,0,0,0,0,0,0,0,0,0,0,0,0,0,0,0,0,0,0,0,0,0,0,0,0,0,0,0,0,0,0,0,0,0,0,0,1,1,1,1,1,1,1,1,1,2,2,2,2,2,2,2,2,2,1,1,1,1,1,1,1,1,1,1,1,1,1,1,2,2,2,2,2,2,2,2,2,2,2,2,1,0,0,-1,-2,-3,-5,-6,-7,-9,-10,-12,-13,-15,-16,-17,-18,-19,-19,-20,-20,-20,-20,-19,-19,-18,-17,-17,-16,-15,-15,-14,-14,-14,-14,-14,-15,-15,-16,-18,-19,-20,-21,-22,-23,-24,-24,-23,-22,-21,-19,-16,-12,-7,-2,4,11,18,26,34,42,51,59,67,74,81,87,93,97,100,102,104,104,103,101,99,95,92,88,85,81,78,76,74,73,74,75,78,81,86,91,97,102,108,113,118,120,121,120,116,109,99,85,67,45,19,-11,-45,-82,-122,-165,-209,-255,-301,-346,-390,-431,-470,-504,-533,-556,-573,-583,-585,-579,-565,-543,-512,-475,-429,-378,-320,-257,-190,-120,-48,25,97,167,235,299,358,412,459,499,531,556,572,580,581,574,560,539,512,481,444,405,363,319,274,230,186,144,104,67,33,2,-25,-49,-68,-84,-96,-106,-112,-115,-117,-116,-114,-111,-108,-104,-100,-97,-94,-92,-91,-90,-90,-91,-93,-96,-98,-101,-105,-107,-110,-112,-113,-114,-113,-112,-109,-105,-101,-95,-88,-80,-72,-63,-53,-44,-34,-24,-15,-6,2,10,17,23,28,32,36,38,40,41,41,40,39,38,36,33,31,28,26,23,21,18,16,14,12,11,9,8,7,6,6,5,4,4,3,3,2,2,1,1,0,-1,-2,-2,-3,-4,-5,-6,-6,-7,-8,-8,-8,-9,-9,-9,-9,-8,-8,-7,-7,-6,-5,-4,-3,-2,-1,1,2,4,5,7,8,10,11,12,14,15,16,17,18,19,20,21,21,21,21,21,21,20,20,19,18,17,15,14,12,11,9,7,5,3,1,-1,-3,-5,-6,-8,-10,-11,-13,-14,-16,-17,-18,-18,-19,-19,-20,-20,-20,-20,-19,-19,-19,-18,-17,-16,-15,-14,-13,-12,-11,-10,-8,-7,-6,-5,-3,-2,-1,0,2,3,4,5,6,7,7,8,9,9,10,10,10,11,11,11,11,11,11,11,10,10,10,9,9,9,8,8,7,7,6,5,5,4,3,3,2,1,1,0,-1,-1,-2,-2,-3,-4,-4,-4,-5,-5,-5,-6,-6,-6,-6,-6,-5,-5,-5,-4,-4,-4,-3,-3,-2,-2,-1,-1,0,0,0,0,0,1,1,0,0,0,0,-1,-1,-1,-2,-2,-3,-3,-3,-4,-4,-4,-4,-4,-4,-4,-4,-4,-3,-3,-2,-2,-1,0,1,1,2,3,4,4,5,6,6,7,7,7,8,8,8,8,7,7,7,6,6,5,5,4,4,3,2,2,1,1,0,0,-1,-1,-1,-2,-2,-2,-2,-3,-3,-3,-3,-3,-3,-3,-3,-3,-4,-4,-4,-4,-4,-4,-4,-4,-5,-5,-5,-5,-5,-5,-5,-5,-5,-5,-5,-5,-5,-5,-4,-4,-4,-3,-3,-3,-2,-2,-1,-1,0,1,1,2,2,3,3,4,5,5,6,7,7,8,8,9,9,10,11,11,11,12,12,12,13,13,13,12,12,12,11,10,10,9,7,6,5,3,1,-1,-3,-5,-7,-9,-11,-13,-15,-17,-19,-21,-22,-24,-24,-25,-25,-26,-25,-25,-24,-22,-21,-19,-16,-14,-11,-8,-5,-2,1,4,7,10,13,16,18,20,22,23,24,25,25,25,25,24,23,22,20,18,16,14,12,9,7,5,2,0,-2,-4,-6,-7,-9,-10,-11,-11,-12,-12,-12,-12,-11,-11,-10,-10,-9,-8,-7,-7,-6,-5,-4,-4,-3,-2,-2,-1,-1,-1,0,0,0,1,1,1,1,1,2,2,2,2,2,3,3,3,3,3,3,3,3,3,3,3,3,3,3,2,2,2,1,1,1,0,0,0,0,-1,-1,-1,-1,-1,-1,-1,-1,-1,-1,-1,-1,-1,-1,-1,-1,-1,-1,-2,-2,-2,-2,-3,-3,-4,-4,-4,-5,-5,-6,-6,-6,-7,-7,-7,-7,-7,-7,-7,-6,-6,-5,-4,-4,-3,-2,-1,0,1,2,3,4,6,7,8,9,9,10,11,12,12,12,13,13,13,13,13,12,12,12,11,10,10,9,8,7,6,5,4,3,2,1,0,-1,-2,-2,-3,-4,-5,-5,-6,-6,-6,-7,-7,-7,-7,-7,-7,-7,-7,-7,-7,-7,-7,-7,-7,-7,-7,-7,-7,-7,-7,-7,-7,-7,-7,-7,-7,-7,-7,-7,-6,-6,-6,-5,-5,-4,-4,-3,-3,-2,-1,0,0,1,2,3,3,4,5,5,6,6,7,7,7,7,7,8,8,8,8,7,7,7,7,7,7,7,7,7,6,6,6,6,6,6,6,6,5,5,5,4,4,3,3,2,2,1,0,-1,-1,-2,-3,-4,-4,-5,-6,-6,-7,-7,-7,-7,-7,-7,-7,-7,-7,-6,-6,-6,-5,-5,-4,-4,-3,-3,-2,-2,-2,-2,-1,-1,-1,-1,-1,-1,-1,0,0,0,0,1,1,2,2,3,4,4,5,6,6,7,7,7,8,8,7,7,6,6,5,3,2,0,-1,-3,-5,-7,-9,-11,-13,-15,-16,-18,-19,-19,-20,-20,-19,-19,-18,-16,-14,-12,-9,-7,-4,0,3,6,10,13,16,19,21,24,26,27,28,29,29,29,28,27,25,23,21,19,16,13,10,6,3,0,-3,-6,-9,-11,-13,-15,-17,-18,-19,-20,-20,-20,-19,-19,-18,-16,-15,-13,-12,-10,-8,-6,-4,-3,-1,1,2,4,5,6,7,7,8,8,8,8,8,8,8,7,6,6,5,4,3,2,1,0,0,-1,-2,-3,-3,-4,-5,-5,-5,-5,-6,-6,-6,-5,-5,-5,-5,-4,-4,-4,-3,-3,-2,-2,-1,-1,-1,-1,0,0,0,0,0,0,0,-1,-1,-1,-1,-1,-1,-1,-1,-1,-1,0,0,0,1,1,2,3,3,4,5,5,6,7,7,8,8,9,9,9,9,9,9,8,8,7,6,6,5,4,3,2,1,0,-1,-2,-3,-4,-5,-6,-6,-7,-7,-8,-8,-8,-8,-8,-8,-8,-8,-8,-8,-8,-7,-7,-7,-6,-6,-5,-5,-4,-4,-3,-3,-2,-2,-1,0,0,1,2,2,3,4,5,5,6,7,7,8,8,9,9,10,10,10,10,10,10,10,10,9,9,8,7,6,6,5,4,3,2,0,-1,-2,-3,-4,-5,-6,-6,-7,-8,-8,-9,-9,-9,-10,-10,-9,-9,-9,-9,-8,-8,-7,-6,-6,-5,-4,-4,-3,-2,-1,-1,0,0,1,1,2,2,2,2,2,2,2,2,1,1,1,0,0,0,-1,-1,-1,-2,-2,-2,-2,-2,-2,-2,-2,-1,-1,0,0,1,1,2,3,3,4,5,5,6,6,7,7,8,8,8,8,8,8,8,8,7,7,6,6,5,5,4,3,3,2,1,1,0,0,-1,-1,-2,-2,-2,-2,-2,-2,-2,-2,-1,-1,-1,0,0,1,1,1,2,2,2,2,2,2,1,1,0,-1,-2,-3,-4,-6,-7,-9,-11,-13,-15,-16,-18,-19,-21,-22,-23,-24,-24,-24,-24,-23,-22,-20,-18,-16,-14,-11,-8,-5,-1,2,6,10,13,17,20,23,26,28,30,32,33,34,34,34,34,33,31,29,27,24,22,19,15,12,9,6,3,0,-3,-6,-8,-10,-12,-13,-14,-15,-15,-15,-15,-15,-14,-14,-13,-12,-11,-10,-9,-8,-7,-7,-6,-6,-5,-5,-5,-5,-6,-6,-7,-7,-8,-9,-9,-10,-10,-10,-10,-10,-10,-10,-9,-8,-7,-6,-5,-3,-2,0,2,4,6,7,9,11,12,13,14,15,16,16,17,17,16,16,15,14,13,11,10,8,6,5,3,1,-1,-3,-4,-6,-7,-9,-10,-11,-12,-12,-13,-13,-13,-13,-13,-12,-12,-11,-10,-9,-8,-7,-5,-4,-2,-1,0,2,3,4,6,7,8,9,10,11,11,12,12,12,12,12,12,12,11,10,10,9,8,7,6,5,4,3,2,1,0,-1,-2,-3,-4,-5,-5,-6,-6,-6,-6,-6,-6,-6,-6,-6,-6,-6,-5,-5,-5,-5,-5,-5,-4,-4,-4,-5,-5,-5,-5,-5,-5,-5,-5,-6,-6,-6,-5,-5,-5,-5,-4,-4,-3,-3,-2,-1,0,1,2,3,4,5,5,6,7,8,9,9,10,10,10,10,10,10,10,10,9,9,8,7,6,5,4,3,2,1,0,-1,-2,-3,-4,-5,-6,-6,-7,-8,-8,-8,-8,-9,-9,-8,-8,-8,-8,-7,-7,-6,-5,-5,-4,-3,-2,-1,-1,0,1,2,2,3,4,4,4,5,5,5,5,5,5,5,5,4,4,3,3,2,2,1,0,0,-1,-1,-2,-3,-3,-3,-4,-4,-4,-4,-4,-4,-3,-3,-2,-2,-1,0,1,2,3,4,5,6,7,7,8,9,10,10,11,11,11,11,10,10,9,8,7,6,5,3,2,0,-1,-3,-4,-6,-7,-8,-10,-11,-11,-12,-12,-13,-13,-12,-12,-11,-11,-10,-9,-7,-6,-5,-4,-3,-1,0,0,1,2,2,3,3,2,2,2,1,0,0,-1,-2,-3,-4,-4,-5,-6,-6,-6,-6,-6,-5,-5,-4,-3,-2,0,1,3,4,6,7,9,10,11,12,13,13,13,13,13,13,12,11,10,8,7,5,4,2,0,-1,-3,-4,-6,-7,-7,-8,-8,-9,-9,-8,-8,-7,-6,-5,-4,-3,-2,-1,0,1,2,3,3,4,4,4,4,4,4,3,2,2,1,0,-1,-2,-3,-4,-5,-6,-7,-7,-8,-8,-8,-8,-8,-7,-7,-6,-5,-4,-3,-2,-1,0,2,3,4,5,6,7,9,10,10,11,12,12,13,13,13,14,14,13,13,13,12,12,11,10,9,8,7,5,4,2,1,-1,-3,-4,-6,-8,-10,-11,-13,-14,-16,-17,-18,-19,-19,-20,-20,-20,-20,-20,-19,-18,-17,-16,-15,-13,-12,-10,-8,-7,-5,-3,-1,0,2,4,5,6,7,8,9,10,11,11,11,12,12,12,12,12,11,11,11,11,11,11,10,10,10,10,10,10,10,10,10,9,9,9,9,8,8,7,7,6,5,5,4,3,2,1,0,-1,-1,-2,-3,-4,-4,-5,-6,-6,-7,-7,-7,-8,-8,-8,-8,-8,-9,-9,-9,-9,-9,-10,-10,-10,-10,-11,-11,-12,-12,-12,-12,-13,-13,-13,-13,-13,-13,-12,-12,-11,-10,-9,-8,-7,-5,-4,-2,-1,1,3,5,7,8,10,12,13,15,16,17,18,19,20,20,21,21,21,21,20,20,19,18,17,16,15,14,13,11,10,8,7,5,3,1,-1,-2,-4,-6,-8,-10,-11,-13,-15,-16,-18,-19,-20,-21,-22,-22,-22,-22,-22,-22,-21,-20,-19,-18,-16,-15,-13,-11,-8,-6,-4,-1,1,3,5,8,9,11,13,14,15,16,17,17,18,18,17,17,16,15,14,12,11,9,8,6,4,3,1,0,-2,-3,-4,-5,-6,-6,-7,-7,-7,-7,-7,-7,-6,-6,-5,-4,-3,-2,-1,0,1,2,3,3,4,5,6,6,7,7,8,8,8,8,8,8,7,7,6,5,5,4,3,2,1,0,-2,-3,-4,-5,-6,-7,-8,-9,-9,-10,-11,-11,-12,-12,-12,-12,-12,-12,-11,-11,-11,-10,-9,-9,-8,-7,-7,-6,-5,-4,-4,-3,-2,-2,-1,-1,0,0,1,1,2,2,3,3,4,4,5,5,6,7,7,8,9,10,11,11,12,13,14,14,15,15,15,16,16,15,15,15,14,13,12,11,9,8,6,4,2,1,-1,-3,-5,-7,-9,-11,-12,-14,-15,-16,-17,-18,-18,-18,-18,-18,-18,-17,-17,-16,-15,-13,-12,-11,-9,-8,-7,-5,-4,-2,-1,0,1,2,3,4,5,6,6,7,7,8,8,8,9,9,9,9,9,9,9,9,9,9,8,8,8,8,7,7,6,6,5,5,4,4,3,2,2,1,0,0,-1,-2,-2,-3,-3,-4,-4,-5,-5,-5,-5,-6,-6,-6,-6,-6,-5,-5,-5,-5,-4,-4,-3,-3,-2,-1,-1,0,0,1,2,2,3,3,4,4,4,4,4,4,4,3,2,2,1,0,-1,-3,-4,-5,-7,-8,-10,-11,-12,-13,-14,-14,-15,-15,-15,-14,-13,-12,-11,-9,-7,-5,-3,0,3,5,8,11,13,16,18,20,22,24,25,25,26,26,25,24,23,21,19,16,13,10,7,4,1,-2,-5,-8,-11,-13,-16,-17,-19,-20,-20,-21,-21,-20,-19,-18,-16,-14,-12,-10,-8,-5,-3,-1,2,4,6,7,9,10,11,11,12,11,11,11,10,9,8,6,5,4,2,1,-1,-2,-3,-4,-5,-6,-6,-7,-7,-7,-6,-6,-5,-5,-4,-3,-2,-1,-1,0,1,2,2,2,3,3,3,2,2,1,1,0,-1,-2,-3,-4,-5,-5,-6,-7,-7,-8,-8,-8,-8,-7,-7,-6,-5,-4,-3,-2,0,1,2,4,5,6,8,9,10,10,11,12,12,12,12,11,11,10,9,8,7,6,5,4,3,2,1,0,-1,-2,-2,-3,-3,-3,-4,-4,-4,-3,-3,-3,-3,-2,-2,-2,-2,-1,-1,-1,-1,-2,-2,-2,-2,-3,-3,-4,-4,-5,-5,-6,-6,-6,-6,-7,-6,-6,-6,-6,-5,-4,-4,-3,-2,-1,0,1,2,3,3,4,5,5,6,6,6,6,6,6,6,5,5,4,4,3,2,2,1,1,0,0,0,-1,-1,-1,-1,0,0,0,1,1,2,2,3,3,3,4,4,4,4,4,4,4,3,3,2,1,0,-1,-2,-3,-4,-5,-6,-7,-8,-9,-10,-11,-11,-12,-12,-12,-12,-12,-12,-11,-10,-10,-9,-8,-6,-5,-4,-2,-1,1,2,4,5,7,8,10,11,12,13,13,14,15,15,15,15,15,14,13,13,12,11,10,8,7,6,4,3,2,0,-1,-2,-4,-5,-6,-6,-7,-7,-8,-8,-8,-8,-8,-7,-7,-6,-6,-5,-5,-4,-3,-3,-2,-1,-1,-1,0,0,0,0,0,-1,-1,-1,-2,-2,-3,-3,-4,-4,-5,-5,-5,-5,-6,-6,-5,-5,-5,-4,-4,-3,-3,-2,-1,0,1,2,2,3,4,5,5,6,6,6,7,7,7,6,6,6,5,5,4,4,3,2,2,1,1,0,0,-1,-1,-1,-1,-1,-1,-1,-1,0,0,0,1,1,2,2,3,3,4,4,4,4,4,4,4,4,3,3,2,2,1,0,-1,-2,-3,-3,-4,-5,-6,-7,-7,-8,-8,-8,-9,-8,-8,-8,-7,-7,-6,-5,-4,-3,-2,-1,1,2,3,4,5,6,6,7,7,7,7,7,6,6,5,4,3,2,1,-1,-2,-3,-5,-6,-7,-8,-9,-9,-10,-10,-10,-9,-9,-8,-7,-5,-4,-2,0,1,3,5,7,9,11,12,14,15,16,16,17,17,17,16,15,14,13,11,9,7,5,3,0,-2,-4,-6,-9,-11,-12,-14,-15,-17,-17,-18,-18,-18,-18,-17,-17,-15,-14,-13,-11,-9,-7,-5,-3,-1,1,3,5,7,9,10,11,13,13,14,14,14,14,14,13,13,12,11,9,8,7,5,4,2,1,-1,-2,-3,-4,-5,-6,-7,-7,-7,-7,-7,-7,-7,-6,-5,-5,-4,-3,-2,-1,0,0,1,1,2,2,2,2,2,1,1,0,-1,-2,-3,-4,-5,-7,-8,-9,-10,-11,-11,-12,-12,-12,-12,-11,-11,-10,-9,-7,-6,-4,-2,0,2,5,7,9,11,13,15,16,18,19,20,20,21,21,20,20,19,18,16,15,13,11,9,7,5,3,1,-1,-3,-4,-6,-7,-9,-10,-11,-11,-12,-12,-12,-12,-11,-11,-10,-10,-9,-8,-7,-7,-6,-5,-5,-4,-3,-3,-3,-2,-2,-2,-2,-2,-2,-3,-3,-3,-3,-3,-3,-3,-3,-3,-3,-2,-2,-2,-1,0,0,1,2,3,3,4,5,6,6,7,8,8,8,9,9,9,9,8,8,7,7,6,5,4,3,2,1,0,-1,-2,-3,-3,-4,-5,-5,-6,-6,-6,-7,-7,-7,-6,-6,-6,-5,-5,-5,-4,-4,-3,-3,-2,-2,-2,-1,-1,-1,-1,-1,-1,-1,-1,-1,-2,-2,-2,-2,-2,-2,-2,-2,-2,-2,-1,-1,0,0,1,2,3,3,4,5,6,7,7,8,9,9,10,10,10,11,11,10,10,10,9,9,8,7,6,6,5,4,3,2,1,0,-1,-2,-3,-3,-4,-5,-5,-6,-7,-7,-7,-8,-8,-9,-9,-9,-10,-10,-10,-10,-10,-11,-11,-11,-10,-10,-10,-10,-9,-8,-8,-7,-6,-5,-3,-2,-1,1,2,3,5,6,7,8,9,10,11,11,11,11,11,11,10,9,8,7,6,5,3,2,0,-1,-3,-4,-5,-6,-7,-7,-8,-8,-7,-7,-7,-6,-5,-4,-2,-1,0,2,3,5,6,7,8,9,9,9,10,9,9,9,8,7,6,4,3,2,0,-1,-3,-4,-5,-6,-7,-8,-9,-9,-9,-9,-9,-8,-7,-7,-5,-4,-3,-2,0,1,2,3,5,6,6,7,8,8,8,8,8,8,8,7,6,5,4,4,3,2,1,0,-1,-2,-3,-3,-4,-4,-5,-5,-5,-5,-5,-5,-4,-4,-4,-3,-3,-2,-2,-2,-2,-1,-1,-1,-1,-1,-1,-2,-2,-2,-3,-3,-4,-4,-5,-5,-6,-6,-7,-7,-7,-7,-7,-7,-7,-7,-6,-6,-5,-5,-4,-3,-2,-1,0,1,2,3,4,5,6,7,8,8,9,10,11,11,11,12,12,12,12,12,12,12,12,11,11,10,10,9,8,8,7,6,5,4,4,3,2,1,0,-1,-2,-3,-5,-6,-6,-7,-8,-9,-10,-11,-11,-12,-12,-12,-12,-12,-12,-12,-11,-11,-10,-9,-8,-7,-6,-5,-4,-3,-2,0,1,2,3,4,5,5,6,6,6,7,7,7,6,6,6,6,5,5,4,4,4,3,3,3,3,3,3,3,4,4,4,5,5,5,5,5,5,5,5,4,3,2,1,0,-2,-4,-6,-8,-10,-12,-14,-16,-18,-20,-22,-23,-24,-25,-25,-25,-24,-23,-22,-20,-17,-15,-12,-8,-5,-1,3,7,11,15,18,22,25,28,30,32,33,34,35,35,34,33,32,30,27,25,22,19,15,12,8,5,1,-2,-5,-8,-10,-12,-14,-16,-17,-18,-18,-19,-19,-18,-18,-17,-16,-15,-14,-13,-12,-11,-10,-9,-8,-7,-7,-6,-5,-5,-4,-4,-4,-4,-4,-3,-3,-3,-3,-3,-3,-2,-2,-1,-1,0,0,1,1,2,3,3,4,5,5,6,6,7,7,7,7,7,7,7,6,6,5,5,4,3,3,2,1,1,0,-1,-1,-2,-2,-2,-3,-3,-3,-3,-3,-3,-3,-2,-2,-2,-1,-1,0,0,1,1,2,2,3,3,4,4,4,4,5,5,5,5,5,4,4,4,4,3,3,3,2,2,1,1,0,0,-1,-1,-2,-2,-2,-3,-3,-3,-4,-4,-4,-4,-4,-4,-4,-4,-4,-4,-4,-4,-4,-3,-3,-3,-3,-3,-2,-2,-2,-1,-1,-1,0,0,0,0,1,1,1,2,2,2,2,2,2,3,3,2,2,2,2,2,2,1,1,1,0,0,-1,-1,-2,-2,-2,-3,-3,-3,-4,-4,-4,-4,-4,-4,-4,-4,-3,-3,-3,-2,-2,-1,-1,0,1,1,2,2,3,3,4,4,4,5,5,5,5,5,5,5,5,5,5,5,4,4,4,4,3,3,3,2,2,2,1,1,1,0,0,0,-1,-1,-1,-1,-2,-2,-2,-2,-2,-2,-2,-2,-2,-2,-1,-1,-1,0,0,1,1,2,2,2,3,3,3,3,3,2,2,1,0,-1,-2,-3,-4,-6,-7,-9,-11,-12,-14,-15,-16,-17,-18,-18,-19,-19,-18,-18,-17,-15,-14,-12,-9,-7,-4,-2,1,4,7,10,13,15,18,20,22,23,25,25,26,26,26,25,24,22,21,19,16,14,11,9,6,4,1,-1,-3,-5,-7,-8,-10,-10,-11,-12,-12,-12,-11,-11,-10,-9,-8,-7,-6,-5,-4,-3,-2,-1,0,1,1,1,2,2,2,2,1,1,0,0,-1,-1,-2,-2,-3,-3,-4,-4,-4,-4,-4,-4,-4,-4,-4,-3,-3,-3,-2,-2,-1,-1,0,0,1,1,1,1,1,1,1,1,1,1,0,0,-1,-1,-2,-2,-3,-4,-4,-5,-5,-6,-6,-6,-7,-7,-7,-7,-6,-6,-6,-5,-4,-3,-2,-1,0,1,2,3,5,6,7,8,9,10,11,12,12,13,13,13,13,13,12,12,11,11,10,9,8,7,6,5,4,2,1,0,-1,-1,-2,-3,-4,-4,-4,-5,-5,-5,-5,-5,-5,-5,-5,-5,-5,-4,-4,-4,-4,-4,-4,-4,-4,-4,-4,-4,-4,-4,-4,-4,-4,-4,-4,-4,-4,-4,-3,-3,-3,-3,-2,-2,-2,-1,-1,0,0,0,1,1,1,2,2,2,2,2,2,2,1,1,1,1,0,0,-1,-1,-1,-2,-2,-2,-2,-2,-2,-2,-2,-1,-1,0,0,1,2,2,3,4,5,6,6,7,8,8,9,9,9,9,9,9,8,8,7,6,6,5,3,2,1,0,-1,-3,-4,-5,-6,-6,-7,-8,-8,-8,-9,-8,-8,-8,-7,-7,-6,-6,-5,-4,-3,-2,-2,-1,0,0,1,1,1,1,1,1,0,0,-1,-1,-2,-3,-4,-4,-5,-5,-6,-6,-6,-7,-7,-6,-6,-5,-5,-4,-3,-2,-1,1,2,3,5,6,7,8,9,10,11,12,12,13,13,13,13,13,12,11,11,10,9,8,6,5,4,3,1,0,-1,-2,-3,-4,-5,-6,-6,-7,-7,-7,-8,-8,-8,-7,-7,-7,-6,-6,-5,-5,-4,-3,-3,-2,-1,-1,0,0,1,1,2,2,2,2,3,3,2,2,2,2,1,1,0,0,-1,-1,-2,-2,-2,-3,-3,-3,-4,-4,-4,-4,-4,-4,-4,-3,-3,-3,-2,-2,-1,-1,0,0,0,1,1,1,1,1,1,1,0,0,0,-1,-1,-1,-2,-2,-2,-3,-3,-3,-3,-3,-3,-2,-2,-1,-1,0,1,2,3,4,5,6,6,7,8,9,9,10,10,10,10,10,10,9,9,8,7,6,5,4,2,1,0,-1,-2,-4,-5,-5,-6,-7,-7,-8,-8,-8,-8,-7,-7,-6,-6,-5,-4,-3,-2,-1,0,0,1,2,2,3,3,3,3,3,3,3,2,2,1,0,-1,-1,-2,-3,-4,-5,-6,-6,-7,-7,-8,-8,-8,-8,-7,-7,-6,-5,-4,-3,-2,-1,0,2,3,4,6,7,8,9,10,10,11,11,11,11,11,10,10,9,8,7,5,4,3,1,0,-2,-3,-4,-5,-6,-7,-8,-8,-9,-9,-9,-8,-8,-7,-6,-6,-5,-4,-3,-2,-1,0,1,1,2,2,2,2,2,2,1,1,0,-1,-2,-2,-3,-4,-5,-6,-6,-7,-7,-7,-7,-6,-6,-5,-4,-3,-1,0,2,3,5,6,8,9,11,12,13,13,14,14,14,14,13,12,11,10,9,7,5,4,2,0,-2,-4,-5,-7,-8,-9,-10,-11,-11,-11,-11,-11,-11,-10,-9,-8,-7,-6,-4,-3,-1,0,1,3,4,5,6,7,8,8,9,9,9,9,9,8,8,7,6,6,5,4,3,2,0,-1,-2,-3,-4,-5,-6,-7,-7,-8,-9,-9,-9,-9,-10,-10,-9,-9,-9,-8,-8,-7,-7,-6,-5,-5,-4,-3,-2,-2,-1,0,0,1,1,1,2,2,2,2,2,2,2,2,1,1,1,1,1,1,1,1,1,1,1,1,2,2,3,3,4,5,6,6,7,8,8,9,10,10,11,11,11,11,11,11,10,10,9,9,8,7,6,5,3,2,1,0,-2,-3,-4,-5,-6,-7,-8,-9,-9,-10,-10,-11,-11,-11,-11,-11,-11,-10,-10,-9,-9,-8,-8,-7,-6,-6,-5,-4,-4,-3,-3,-2,-1,-1,0,0,0,1,1,2,2,2,3,3,4,4,4,5,5,5,6,6,6,7,7,7,7,7,7,7,7,7,6,6,6,5,5,4,3,3,2,1,0,-1,-2,-2,-3,-4,-5,-5,-6,-6,-7,-7,-7,-7,-8,-8,-8,-7,-7,-7,-7,-6,-6,-6,-5,-5,-4,-4,-3,-3,-2,-2,-2,-1,-1,-1,0,0,0,1,1,1,1,2,2,2,3,3,3,3,4,4,4,4,5,5,5,5,5,5,6,6,6,6,6,6,6,6,6,6,6,6,6,5,5,5,5,5,5,5,5,4,4,4,3,3,3,2,2,1,1,0,-1,-1,-2,-3,-3,-4,-5,-5,-6,-6,-6,-7,-7,-7,-7,-7,-7,-7,-7,-6,-6,-6,-5,-5,-5,-5,-5,-5,-5,-5,-5,-6,-6,-7,-7,-8,-9,-10,-11,-12,-12,-13,-14,-14,-14,-14,-14,-14,-13,-12,-11,-9,-7,-5,-3,0,2,5,8,11,14,17,20,22,25,27,29,30,31,32,32,32,32,31,29,28,26,23,21,18,15,12,9,6,3,0,-3,-6,-9,-11,-13,-15,-16,-17,-18,-18,-19,-19,-18,-18,-17,-16,-15,-14,-13,-12,-10,-9,-8,-7,-6,-5,-5,-4,-4,-3,-3,-3,-3,-3,-4,-4,-4,-4,-5,-5,-5,-5,-5,-5,-5,-5,-5,-4,-4,-3,-2,-1,0,1,2,3,5,6,7,8,9,10,11,12,12,13,13,13,13,13,12,12,11,10,9,8,7,5,4,3,1,0,-2,-3,-4,-6,-7,-8,-8,-9,-10,-10,-10,-10,-10,-10,-9,-9,-8,-8,-7,-6,-5,-5,-4,-3,-2,-1,0,0,1,1,2,2,3,3,3,3,4,4,4,4,4,4,3,3,3,3,3,3,3,3,3,3,3,3,3,3,4,4,4,4,4,4,4,4,4,4,3,3,3,3,3,2,2,2,1,1,0,0,0,-1,-1,-2,-2,-3,-3,-3,-4,-4,-4,-5,-5,-5,-5,-6,-6,-6,-6,-6,-6,-6,-6,-5,-5,-5,-5,-5,-4,-4,-4,-3,-3,-3,-2,-2,-2,-1,-1,-1,-1,0,0,0,0,1,1,1,1,2,2,2,3,3,3,3,4,4,4,5,5,5,6,6,6,6,6,6,6,6,6,6,6,6,5,5,5,4,4,3,2,2,1,1,0,-1,-1,-2,-2,-3,-3,-4,-4,-5,-5,-5,-5,-6,-6,-6,-6,-6,-6,-6,-6,-6,-6,-6,-5,-5,-5,-5,-4,-4,-4,-3,-3,-2,-2,-1,-1,0,0,1,2,2,3,4,4,5,5,6,6,7,7,7,7,7,7,7,6,6,6,5,4,4,3,3,2,2,1,1,1,0,0,0,0,0,0,1,1,1,1,1,2,2,2,2,1,1,0,0,-1,-2,-3,-5,-6,-7,-9,-11,-12,-14,-15,-16,-18,-18,-19,-20,-20,-19,-19,-18,-17,-15,-13,-11,-9,-6,-4,-1,2,5,9,11,14,17,19,21,23,25,26,26,27,27,26,25,24,23,21,19,17,14,12,9,7,4,2,0,-3,-5,-6,-8,-9,-10,-11,-12,-12,-12,-12,-12,-12,-11,-11,-10,-9,-9,-8,-7,-6,-6,-5,-4,-4,-3,-3,-2,-2,-1,-1,-1,0,0,0,0,0,0,0,1,1,1,0,0,0,0,0,0,-1,-1,-2,-2,-2,-3,-3,-3,-4,-4,-4,-4,-5,-4,-4,-4,-4,-3,-3,-2,-1,0,1,2,3,4,5,5,6,7,8,8,9,9,9,9,9,9,8,8,7,6,5,4,3,2,1,0,-1,-2,-3,-4,-4,-5,-5,-5,-5,-5,-5,-4,-4,-3,-3,-2,-1,-1,0,1,1,2,2,2,2,2,2,2,1,1,0,-1,-2,-3,-3,-4,-5,-6,-7,-8,-8,-8,-9,-9,-8,-8,-7,-7,-6,-5,-3,-2,0,1,3,5,7,8,10,11,13,14,15,15,16,16,16,16,15,14,13,12,11,9,7,5,4,2,0,-2,-4,-6,-8,-9,-10,-11,-12,-13,-13,-13,-13,-13,-13,-12,-11,-11,-10,-9,-8,-7,-5,-4,-3,-3,-2,-1,0,0,0,0,1,1,0,0,0,0,-1,-1,-1,-2,-2,-2,-2,-2,-2,-2,-2,-1,-1,0,0,1,2,3,4,5,5,6,7,8,8,9,10,10,10,10,10,10,10,10,9,9,8,8,7,6,5,4,4,3,2,1,0,-1,-2,-2,-3,-4,-4,-5,-5,-6,-6,-6,-6,-7,-7,-7,-7,-7,-7,-7,-7,-7,-6,-6,-6,-6,-6,-6,-6,-5,-5,-5,-5,-5,-4,-4,-4,-4,-4,-3,-3,-3,-2,-2,-1,-1,0,0,1,1,2,2,3,4,4,5,6,6,7,7,8,8,9,9,9,9,9,9,9,9,8,8,7,7,6,5,4,3,2,1,0,-1,-2,-2,-3,-4,-5,-5,-6,-6,-7,-7,-7,-7,-7,-7,-7,-6,-6,-5,-5,-4,-4,-3,-2,-2,-1,-1,0,0,0,1,1,1,1,1,1,1,0,0,0,0,-1,-1,-1,-1,-1,-2,-2,-2,-2,-1,-1,-1,-1,0,0,1,1,2,2,3,3,3,4,4,5,5,5,5,5,5,5,4,4,4,3,3,2,2,1,1,0,0,-1,-1,-1,-2,-2,-2,-2,-2,-2,-2,-2,-2,-2,-2,-1,-1,-1,0,0,0,0,1,1,1,1,1,1,2,2,2,2,2,2,2,2,2,1,1,1,1,1,0,0,0,-1,-1,-2,-2,-3,-4,-4,-5,-6,-7,-7,-8,-9,-9,-10,-10,-11,-11,-11,-11,-11,-10,-10,-9,-8,-7,-6,-5,-3,-2,0,1,3,5,6,8,9,11,12,13,14,15,15,15,15,15,15,14,14,13,12,11,10,8,7,6,4,3,2,1,0,-1,-2,-3,-3,-4,-4,-5,-5,-5,-5,-4,-4,-4,-3,-3,-3,-2,-2,-1,-1,-1,0,0,0,0,1,1,1,1,1,1,0,0,0,0,-1,-1,-1,-2,-2,-3,-3,-4,-4,-5,-5,-5,-6,-6,-6,-6,-7,-7,-7,-7,-7,-6,-6,-6,-5,-5,-4,-4,-3,-3,-2,-1,-1,0,0,1,1,2,2,2,3,3,3,3,3,3,2,2,2,2,1,1,1,1,1,1,1,1,1,1,2,2,3,3,4,4,5,6,6,7,8,8,9,9,9,9,9,9,9,9,8,8,7,6,5,4,3,2,1,-1,-2,-3,-4,-5,-6,-7,-8,-9,-9,-10,-10,-11,-11,-11,-11,-10,-10,-10,-9,-9,-8,-7,-6,-6,-5,-4,-3,-3,-2,-1,0,0,1,2,2,3,3,4,4,4,5,5,5,6,6,6,6,6,6,6,6,6,6,6,6,6,5,5,5,4,4,3,3,2,2,1,1,0,0,-1,-1,-2,-2,-3,-3,-3,-3,-4,-4,-4,-4,-3,-3,-3,-3,-2,-2,-1,-1,0,0,1,1,1,2,2,2,2,2,2,2,1,1,0,-1,-1,-2,-3,-4,-5,-6,-7,-8,-9,-10,-11,-12,-12,-13,-13,-13,-13,-12,-12,-11,-10,-9,-8,-7,-5,-4,-2,0,2,4,6,7,9,11,12,14,15,16,17,18,18,18,18,18,18,17,17,16,15,14,12,11,10,8,7,5,4,2,1,0,-2,-3,-4,-4,-5,-6,-6,-6,-7,-7,-7,-7,-6,-6,-6,-5,-5,-5,-4,-4,-3,-3,-3,-3,-3,-2,-2,-3,-3,-3,-3,-3,-4,-4,-5,-5,-5,-6,-6,-6,-7,-7,-7,-7,-7,-7,-7,-7,-6,-6,-5,-5,-4,-4,-3,-2,-2,-1,0,1,1,2,2,3,3,4,4,4,4,4,4,4,4,4,3,3,3,2,2,2,2,1,1,1,1,1,1,1,2,2,2,3,3,4,4,5,5,6,6,7,7,8,8,8,8,8,8,8,8,8,7,6,6,5,4,3,2,1,0,-1,-2,-4,-5,-6,-7,-8,-9,-9,-10,-11,-11,-11,-11,-11,-11,-11,-10,-10,-9,-8,-7,-7,-5,-4,-3,-2,-1,0,1,2,3,3,4,4,5,5,5,6,6,5,5,5,5,5,4,4,4,4,4,4,4,4,5,5,6,6,7,7,8,9,9,10,10,10,10,10,10,9,8,7,5,3,1,-1,-4,-7,-10,-13,-16,-19,-22,-25,-27,-30,-32,-33,-34,-35,-35,-35,-34,-32,-30,-28,-25,-21,-17,-13,-9,-4,1,5,10,15,19,23,27,30,32,35,36,37,38,38,37,36,34,32,30,27,24,21,17,14,11,8,5,2,-1,-3,-5,-7,-8,-9,-10,-10,-10,-9,-9,-8,-7,-6,-5,-4,-3,-2,-1,0,1,2,2,2,2,2,2,2,1,0,0,-1,-2,-3,-4,-5,-6,-7,-8,-9,-9,-10,-11,-11,-11,-12,-12,-12,-12,-12,-12,-12,-11,-11,-11,-11,-10,-10,-10,-10,-9,-9,-8,-8,-8,-7,-7,-6,-6,-5,-4,-4,-3,-2,-1,-1,0,1,2,3,4,6,7,8,9,10,11,12,13,14,15,16,17,18,18,19,19,19,20,20,19,19,19,18,17,16,15,14,13,11,10,8,6,4,2,1,-1,-3,-5,-7,-8,-10,-11,-13,-14,-15,-16,-16,-17,-17,-17,-17,-17,-16,-16,-15,-14,-13,-12,-11,-10,-9,-8,-7,-6,-6,-5,-4,-3,-3,-2,-2,-1,-1,-1,0,0,0,0,0,0,1,1,1,1,1,2,2,3,3,4,4,5,6,6,7,8,8,9,10,10,11,11,11,11,11,11,11,11,10,9,9,8,7,6,5,4,3,1,0,-1,-2,-3,-4,-4,-5,-6,-6,-6,-6,-6,-6,-6,-6,-6,-5,-5,-5,-4,-4,-4,-4,-4,-4,-4,-4,-5,-5,-6,-7,-8,-9,-9,-10,-11,-12,-12,-13,-13,-13,-13,-13,-12,-11,-10,-9,-7,-5,-3,-1,2,4,7,9,12,14,16,18,20,21,23,24,24,24,24,23,23,21,20,18,16,13,11,8,6,3,1,-2,-4,-7,-8,-10,-12,-13,-14,-14,-15,-15,-15,-14,-14,-13,-12,-11,-9,-8,-7,-5,-4,-3,-2,-1,0,1,1,2,2,3,3,3,3,3,3,2,2,2,2,2,2,2,2,2,2,3,3,3,4,4,4,4,5,5,5,5,4,4,4,3,2,1,0,-1,-2,-3,-4,-6,-7,-8,-10,-11,-12,-13,-14,-14,-15,-15,-15,-15,-14,-14,-13,-12,-10,-9,-7,-6,-4,-2,0,2,3,5,7,8,10,11,12,13,14,15,15,15,15,15,15,14,14,13,12,11,10,9,8,8,7,6,5,4,3,3,2,1,1,1,0,0,0,-1,-1,-1,-1,-2,-2,-2,-2,-3,-3,-4,-4,-4,-5,-5,-6,-6,-7,-7,-7,-8,-8,-8,-8,-9,-9,-8,-8,-8,-8,-7,-7,-7,-6,-6,-5,-4,-4,-3,-3,-2,-2,-1,-1,0,0,1,1,1,1,2,2,2,2,3,3,3,3,4,4,4,5,5,6,6,7,7,7,8,8,8,8,9,9,9,8,8,8,7,7,6,5,4,3,2,1,0,-1,-3,-4,-5,-6,-7,-8,-8,-9,-9,-10,-10,-10,-10,-10,-9,-9,-8,-7,-6,-5,-4,-3,-2,-1,0,1,2,3,4,4,5,5,6,6,6,6,5,5,5,4,3,3,2,1,0,-1,-2,-3,-3,-4,-4,-5,-5,-5,-5,-5,-5,-5,-4,-4,-3,-2,-1,0,1,2,3,4,5,6,6,7,8,8,8,8,8,8,8,7,6,6,5,4,3,2,1,0,-1,-2,-3,-4,-5,-5,-6,-6,-6,-6,-6,-6,-6,-5,-5,-4,-4,-3,-3,-2,-1,-1,0,0,1,1,2,2,2,3,3,3,3,4,4,4,4,4,5,5,5,5,5,5,5,5,5,5,5,5,4,4,3,2,1,0,-1,-3,-4,-6,-7,-9,-10,-12,-13,-15,-16,-17,-17,-18,-18,-18,-17,-17,-16,-14,-13,-11,-9,-7,-4,-2,0,3,5,8,10,12,14,16,17,18,19,19,20,19,19,18,17,16,15,13,12,10,8,7,5,3,2,0,-1,-2,-3,-3,-4,-4,-5,-5,-5,-5,-4,-4,-4,-3,-3,-3,-2,-2,-2,-2,-2,-2,-2,-2,-3,-3,-3,-4,-4,-5,-5,-5,-6,-6,-6,-6,-6,-6,-6,-5,-5,-5,-4,-4,-3,-3,-2,-1,-1,0,0,1,2,2,2,3,3,3,3,4,4,4,4,4,4,4,4,3,3,3,3,3,3,3,2,2,2,2,1,1,1,0,0,-1,-1,-2,-2,-3,-3,-4,-4,-5,-5,-5,-6,-6,-6,-6,-6,-6,-6,-5,-5,-5,-4,-3,-3,-2,-1,0,0,1,2,3,3,4,5,5,6,6,6,6,7,7,7,6,6,6,6,5,5,5,4,4,3,3,3,2,2,2,2,2,1,1,1,1,1,1,1,1,1,1,1,1,1,1,1,1,0,0,0,-1,-1,-1,-2,-2,-3,-3,-4,-4,-5,-5,-6,-6,-6,-7,-7,-7,-7,-7,-7,-7,-7,-7,-6,-6,-6,-5,-5,-4,-4,-3,-3,-3,-2,-2,-1,-1,-1,0,0,0,1,1,1,1,2,2,2,3,3,3,3,4,4,5,5,5,6,6,7,7,8,8,8,8,9,9,9,9,9,8,8,8,7,6,6,5,4,3,2,1,0,-1,-2,-3,-4,-5,-6,-6,-7,-8,-8,-9,-9,-9,-9,-9,-9,-9,-9,-8,-8,-7,-7,-6,-6,-5,-4,-4,-3,-3,-2,-2,-1,-1,0,0,0,0,1,1,1,1,1,1,1,1,1,1,1,2,2,2,2,2,2,2,2,2,2,2,3,3,3,3,3,4,4,4,4,5,5,5,5,5,6,6,6,6,6,6,5,5,5,5,4,4,3,3,2,1,1,0,-1,-2,-2,-3,-4,-4,-5,-5,-6,-6,-6,-7,-7,-7,-7,-6,-6,-6,-6,-5,-5,-4,-4,-3,-2,-2,-1,-1,-1,0,0,0,0,1,1,1,0,0,0,0,0,-1,-1,-1,-2,-2,-2,-2,-3,-3,-3,-3,-2,-2,-2,-2,-1,-1,0,0,1,1,2,3,3,4,5,5,6,7,7,8,8,9,9,10,10,10,11,11,11,11,10,10,10,9,8,8,7,6,4,3,2,0,-2,-3,-5,-7,-8,-10,-12,-14,-15,-17,-18,-19,-20,-20,-21,-21,-21,-20,-20,-19,-18,-16,-15,-13,-11,-8,-6,-4,-2,1,3,5,7,9,11,12,13,14,15,16,16,16,15,15,14,13,12,11,10,9,8,6,5,4,3,2,2,1,1,1,0,1,1,1,1,2,2,3,3,4,4,5,5,5,5,5,5,5,4,4,3,2,2,1,0,-1,-2,-3,-4,-5,-6,-6,-7,-8,-8,-9,-9,-9,-9,-9,-9,-9,-9,-9,-9,-8,-8,-7,-7,-7,-6,-6,-5,-5,-4,-4,-3,-3,-2,-2,-1,0,0,1,1,2,2,3,3,4,4,4,5,5,5,5,5,5,5,5,4,4,4,3,3,2,1,1,0,0,-1,-1,-2,-2,-2,-2,-2,-2,-2,-2,-1,-1,0,0,1,1,2,3,3,4,4,5,5,6,6,6,6,6,5,5,4,4,3,2,2,1,0,-1,-2,-2,-3,-4,-4,-5,-5,-5,-5,-5,-5,-5,-5,-4,-3,-3,-2,-1,0,0,1,2,3,4,5,5,6,6,6,7,7,7,6,6,6,5,5,4,3,2,1,0,-1,-2,-3,-4,-5,-6,-7,-7,-8,-9,-9,-10,-10,-10,-10,-10,-10,-10,-9,-9,-8,-8,-7,-7,-6,-5,-4,-3,-3,-2,-1,0,1,1,2,3,3,4,4,5,5,5,5,6,6,6,6,5,5,5,5,5,5,4,4,4,4,4,4,4,4,4,4,4,4,4,5,5,5,6,6,6,7,7,7,7,7,7,7,7,7,6,6,5,4,4,3,2,1,-1,-2,-3,-4,-6,-7,-8,-9,-10,-11,-12,-13,-14,-14,-15,-15,-15,-15,-15,-15,-15,-14,-13,-13,-12,-11,-10,-8,-7,-6,-4,-3,-2,0,1,2,4,5,6,7,8,9,9,10,10,10,10,10,10,10,9,8,8,7,6,5,4,3,2,2,1,0,0,0,-1,-1,0,0,1,1,2,3,4,5,6,8,9,10,11,12,13,13,14,14,14,13,13,12,11,9,7,5,3,1,-1,-4,-6,-9,-11,-14,-16,-18,-19,-21,-22,-23,-24,-24,-24,-24,-23,-22,-21,-19,-18,-16,-14,-12,-10,-8,-5,-3,-1,1,2,4,5,7,8,9,9,10,11,11,11,11,11,11,11,11,11,11,11,11,11,11,11,11,11,11,11,11,11,11,10,10,10,9,9,8,7,6,5,4,3,2,1,-1,-2,-3,-5,-6,-7,-9,-10,-11,-12,-13,-14,-14,-15,-15,-16,-16,-16,-16,-15,-15,-14,-14,-13,-12,-11,-10,-9,-8,-6,-5,-4,-2,-1,0,2,3,4,5,7,8,9,10,10,11,12,12,12,13,13,13,13,12,12,11,11,10,9,9,8,7,6,5,4,3,3,2,1,0,0,-1,-1,-2,-2,-2,-3,-3,-3,-3,-3,-3,-3,-3,-4,-4,-4,-4,-4,-4,-5,-5,-5,-5,-6,-6,-6,-6,-6,-7,-7,-7,-7,-7,-6,-6,-6,-5,-5,-4,-4,-3,-2,-2,-1,0,0,1,2,2,3,4,4,4,5,5,5,6,6,6,6,6,6,6,6,6,6,6,6,7,7,7,7,7,7,7,7,7,7,7,6,6,5,5,4,3,2,1,0,-1,-3,-4,-6,-7,-8,-10,-11,-12,-13,-14,-15,-16,-16,-16,-16,-16,-15,-15,-14,-13,-12,-10,-9,-7,-6,-4,-3,-1,0,1,2,3,4,5,5,6,6,6,6,6,6,6,5,5,5,5,5,5,5,6,6,7,7,8,9,10,11,12,13,14,14,15,15,16,16,16,15,15,14,12,11,9,8,5,3,1,-1,-4,-6,-8,-10,-12,-14,-15,-17,-18,-18,-19,-19,-19,-18,-18,-17,-16,-15,-13,-12,-10,-9,-7,-6,-4,-3,-2,-1,0,1,2,2,2,3,3,3,3,3,3,2,2,2,2,2,3,3,3,4,4,5,5,6,6,7,8,8,9,9,9,10,10,10,9,9,9,8,7,6,5,4,3,2,1,0,-2,-3,-4,-5,-6,-7,-8,-9,-9,-10,-10,-11,-11,-11,-11,-11,-11,-10,-10,-10,-9,-9,-8,-8,-7,-6,-6,-5,-4,-3,-3,-2,-1,0,1,2,3,4,5,6,6,7,8,9,10,10,11,11,12,12,12,12,12,12,12,12,11,11,10,9,9,8,7,6,5,4,4,3,2,1,0,-1,-1,-2,-3,-3,-4,-4,-5,-5,-6,-6,-7,-7,-7,-8,-8,-8,-8,-9,-9,-9,-9,-9,-9,-9,-9,-9,-9,-9,-9,-8,-8,-7,-7,-6,-6,-5,-5,-4,-3,-3,-2,-1,0,0,1,2,3,3,4,4,5,6,6,6,7,7,7,8,8,8,8,8,8,8,8,8,8,8,8,7,7,6,6,6,5,4,4,3,2,2,1,0,-1,-1,-2,-3,-4,-4,-5,-6,-6,-7,-7,-7,-7,-8,-8,-8,-8,-8,-7,-7,-7,-6,-6,-6,-5,-5,-4,-4,-3,-3,-2,-2,-1,-1,0,0,1,1,2,2,3,3,4,4,5,5,5,6,6,7,7,7,8,8,8,8,8,8,8,8,7,7,6,6,5,4,3,2,1,0,-1,-2,-3,-3,-4,-5,-6,-6,-7,-7,-7,-7,-7,-7,-7,-6,-6,-5,-5,-4,-4,-4,-3,-3,-3,-2,-2,-2,-3,-3,-3,-4,-4,-5,-5,-6,-7,-7,-7,-8,-8,-8,-8,-7,-7,-6,-5,-4,-2,-1,1,3,5,7,9,11,13,14,16,17,19,20,20,21,21,20,20,19,18,16,14,12,10,8,5,3,0,-2,-4,-7,-9,-11,-12,-14,-15,-16,-17,-17,-17,-17,-17,-16,-15,-14,-13,-12,-10,-9,-8,-6,-5,-4,-3,-2,-1,0,1,1,2,2,3,3,3,3,3,3,3,3,3,3,3,4,4,4,5,5,6,6,7,7,8,8,9,9,10,10,10,10,10,10,10,10,9,8,7,6,5,4,3,1,0,-2,-3,-5,-6,-8,-9,-10,-12,-13,-14,-15,-16,-16,-17,-17,-17,-17,-17,-17,-16,-15,-14,-13,-12,-11,-10,-8,-7,-5,-4,-2,0,1,3,4,5,7,8,9,10,11,12,13,13,14,14,14,15,15,14,14,14,14,13,13,12,12,11,10,9,9,8,7,6,5,4,3,3,2,1,0,-1,-2,-3,-3,-4,-5,-6,-6,-7,-7,-7,-8,-8,-8,-8,-8,-8,-8,-8,-8,-8,-7,-7,-7,-6,-6,-5,-5,-5,-4,-4,-3,-3,-3,-2,-2,-2,-2,-2,-2,-2,-2,-2,-2,-2,-2,-2,-2,-2,-2,-2,-2,-2,-2,-2,-2,-2,-1,-1,-1,0,0,1,1,2,2,3,4,4,5,6,6,7,7,8,8,8,8,9,9,9,9,9,8,8,8,7,7,6,6,5,5,4,4,4,3,3,2,2,2,2,2,2,1,1,1,1,1,1,0,0,0,-1,-2,-2,-3,-4,-6,-7,-8,-10,-11,-13,-14,-16,-17,-19,-20,-21,-22,-22,-23,-23,-23,-22,-21,-20,-19,-17,-15,-12,-10,-7,-4,-1,2,5,8,11,14,17,20,22,24,25,26,27,28,28,27,27,26,24,23,21,19,17,14,12,10,7,5,3,1,-1,-3,-4,-5,-6,-7,-7,-8,-8,-8,-8,-7,-7,-7,-6,-6,-5,-5,-4,-4,-4,-4,-4,-4,-4,-4,-4,-4,-5,-5,-5,-6,-6,-6,-6,-6,-6,-6,-6,-5,-5,-4,-4,-3,-3,-2,-1,0,0,1,1,2,2,3,3,3,4,4,4,3,3,3,3,2,2,1,1,0,0,0,-1,-1,-2,-2,-2,-2,-3,-3,-3,-3,-3,-3,-3,-4,-4,-4,-4,-4,-4,-4,-4,-4,-4,-4,-3,-3,-3,-3,-2,-2,-1,0,1,1,2,3,4,5,6,7,8,9,10,11,12,12,13,13,13,13,13,12,12,11,10,9,8,7,5,4,3,1,0,-2,-3,-4,-5,-6,-7,-8,-8,-9,-9,-9,-9,-9,-9,-8,-8,-7,-6,-6,-5,-4,-4,-3,-3,-2,-2,-1,-1,-1,-1,-1,-2,-2,-2,-3,-3,-3,-4,-4,-5,-5,-5,-5,-5,-5,-5,-5,-5,-4,-4,-3,-2,-1,-1,0,1,2,3,4,5,5,6,6,7,7,8,8,8,8,7,7,7,7,6,6,5,5,4,4,4,3,3,3,3,3,3,3,3,3,3,3,3,3,3,3,3,3,3,2,2,1,1,0,-1,-2,-3,-3,-4,-5,-6,-7,-7,-8,-8,-9,-9,-9,-9,-8,-8,-7,-7,-6,-5,-4,-3,-2,-1,0,1,2,2,3,3,3,3,2,2,1,0,-1,-2,-3,-4,-6,-7,-8,-9,-10,-10,-11,-11,-11,-11,-10,-9,-8,-6,-5,-3,-1,2,4,6,9,11,13,15,17,19,20,21,22,23,23,22,21,20,19,18,16,14,11,9,6,4,2,-1,-3,-5,-7,-9,-10,-12,-13,-13,-14,-14,-14,-14,-13,-13,-12,-11,-10,-9,-8,-7,-6,-5,-5,-4,-3,-2,-2,-2,-1,-1,-1,-1,-1,-1,-1,-1,0,0,0,0,0,0,1,1,1,2,2,3,3,4,4,5,5,5,6,6,6,6,6,5,5,4,4,3,2,1,1,0,-1,-2,-3,-4,-5,-6,-6,-7,-8,-8,-8,-8,-8,-8,-8,-8,-7,-7,-6,-6,-5,-4,-3,-2,-1,0,1,1,2,3,4,5,5,6,7,7,8,8,8,8,9,9,9,9,8,8,8,8,7,7,7,6,6,5,5,4,4,3,3,2,2,1,1,0,0,-1,-1,-2,-3,-3,-4,-4,-5,-5,-6,-6,-7,-7,-7,-8,-8,-8,-9,-9,-9,-9,-9,-8,-8,-8,-7,-7,-6,-5,-4,-4,-3,-2,-1,0,1,2,3,4,5,6,6,7,8,8,8,8,8,8,8,8,7,7,6,6,5,4,3,3,2,1,0,0,-1,-1,-2,-2,-2,-2,-3,-3,-3,-2,-2,-2,-2,-2,-2,-2,-2,-2,-2,-2,-2,-2,-3,-3,-3,-4,-5,-5,-6,-7,-7,-8,-8,-9,-9,-9,-9,-9,-9,-9,-8,-7,-7,-6,-4,-3,-2,0,1,3,4,6,7,8,10,11,12,13,14,14,15,15,15,15,14,14,13,13,12,11,10,9,8,7,6,5,4,3,2,1,0,-1,-1,-2,-2,-3,-3,-3,-4,-4,-4,-5,-5,-5,-5,-6,-6,-7,-7,-8,-8,-8,-9,-9,-10,-10,-10,-10,-11,-11,-10,-10,-10,-10,-9,-8,-8,-7,-6,-5,-4,-3,-2,-1,0,1,2,3,4,5,6,6,7,7,7,7,7,7,7,6,6,6,5,4,4,3,3,2,2,1,1,1,0,0,0,1,1,1,1,2,2,3,3,4,4,5,5,6,6,6,6,7,6,6,6,5,5,4,3,3,2,1,0,-1,-3,-4,-5,-6,-7,-8,-9,-9,-10,-10,-11,-11,-11,-11,-11,-11,-11,-10,-10,-9,-9,-8,-7,-6,-5,-4,-3,-2,-1,0,1,1,2,3,4,5,6,7,7,8,9,9,10,10,11,11,12,12,12,12,12,12,12,12,11,11,10,10,9,8,7,6,5,4,2,1,0,-2,-3,-4,-6,-7,-8,-9,-10,-11,-12,-12,-13,-13,-13,-13,-13,-13,-13,-12,-12,-11,-10,-10,-9,-8,-7,-6,-5,-4,-4,-3,-2,-2,-1,-1,0,0,0,0,0,0,0,0,0,0,0,0,0,0,1,1,1,2,2,3,3,4,5,6,7,8,9,10,11,12,13,14,15,15,16,16,16,16,16,16,15,15,14,13,11,10,9,7,6,4,2,1,-1,-2,-4,-5,-6,-7,-8,-9,-9,-10,-10,-11,-11,-11,-11,-12,-12,-12,-12,-12,-13,-13,-14,-14,-15,-16,-16,-17,-18,-19,-20,-20,-21,-21,-21,-22,-21,-21,-20,-19,-18,-16,-14,-11,-9,-6,-3,1,4,8,11,15,18,22,25,28,30,33,35,36,37,38,38,38,37,36,34,32,30,27,24,21,18,15,11,8,5,2,-1,-4,-6,-8,-10,-12,-13,-15,-15,-16,-16,-16,-16,-16,-16,-15,-15,-14,-14,-13,-13,-12,-12,-11,-11,-11,-11,-11,-11,-11,-11,-11,-11,-11,-10,-10,-10,-9,-9,-8,-7,-6,-5,-4,-3,-1,0,1,3,4,6,7,9,10,11,12,13,13,14,14,14,14,13,13,12,11,10,9,7,6,4,3,1,0,-2,-3,-4,-6,-7,-8,-9,-9,-10,-10,-10,-10,-10,-10,-9,-9,-8,-7,-6,-5,-4,-3,-2,-1,0,1,2,3,4,5,5,6,6,7,7,7,8,8,8,8,7,7,7,7,7,6,6,6,5,5,5,4,4,4,4,3,3,3,2,2,2,1,1,0,0,-1,-1,-2,-2,-3,-4,-4,-5,-5,-6,-6,-7,-7,-8,-8,-8,-8,-8,-8,-8,-8,-7,-7,-6,-5,-5,-4,-3,-2,-2,-1,0,1,2,2,3,4,4,4,5,5,5,5,5,4,4,4,3,3,2,1,1,0,0,-1,-1,-2,-2,-2,-2,-2,-2,-2,-2,-2,-1,-1,-1,0,0,0,1,1,2,2,2,2,3,3,3,3,3,2,2,2,1,1,1,0,0,-1,-1,-1,-2,-2,-2,-2,-2,-2,-2,-2,-2,-1,-1,-1,0,0,1,1,2,2,3,3,4,4,5,5,5,5,5,5,5,5,5,4,4,3,3,2,1,1,0,-1,-2,-3,-4,-4,-5,-6,-6,-7,-8,-8,-8,-9,-9,-9,-9,-9,-9,-8,-8,-7,-7,-6,-5,-5,-4,-3,-2,-1,0,1,2,3,4,5,6,6,7,8,8,9,9,9,9,9,9,9,8,8,8,7,6,6,5,4,3,3,2,1,1,0,0,-1,-1,-1,-1,-1,-1,-1,-1,-1,0,0,1,1,1,2,2,2,2,2,2,2,1,1,0,-1,-2,-3,-5,-6,-8,-10,-11,-13,-14,-16,-17,-18,-19,-20,-20,-21,-20,-20,-19,-18,-17,-15,-13,-10,-8,-5,-2,1,4,7,10,13,16,19,21,23,25,26,27,28,28,28,28,27,25,24,22,20,17,15,12,10,7,4,1,-1,-4,-6,-8,-10,-12,-13,-14,-15,-15,-16,-16,-16,-15,-15,-14,-13,-12,-11,-10,-9,-8,-6,-5,-4,-3,-1,0,1,2,3,4,4,5,6,6,7,7,7,7,7,7,7,7,7,6,6,5,5,4,3,2,2,1,0,-1,-2,-2,-3,-4,-5,-5,-6,-7,-7,-7,-8,-8,-8,-9,-9,-9,-9,-9,-9,-9,-9,-9,-9,-9,-9,-8,-8,-8,-8,-7,-7,-7,-6,-6,-5,-4,-4,-3,-2,-1,0,1,2,4,5,6,7,9,10,11,12,14,15,16,17,17,18,19,19,19,19,20,19,19,19,18,18,17,16,15,14,13,12,10,9,8,6,4,3,1,-1,-2,-4,-6,-8,-10,-11,-13,-15,-17,-18,-20,-21,-22,-24,-25,-25,-26,-26,-27,-26,-26,-26,-25,-24,-23,-21,-19,-18,-16,-13,-11,-9,-6,-4,-1,1,4,6,8,10,12,14,16,17,18,19,19,20,20,20,19,19,18,18,17,16,15,14,12,11,10,9,8,7,6,5,5,4,3,3,2,2,2,1,1,1,1,1,0,0,0,-1,-1,-2,-2,-3,-3,-4,-5,-6,-6,-7,-8,-9,-9,-10,-10,-11,-11,-12,-12,-12,-12,-11,-11,-11,-10,-9,-9,-8,-7,-6,-5,-4,-3,-2,-1,0,0,1,2,2,2,3,3,3,3,3,3,3,3,2,2,2,2,2,2,2,2,2,2,2,3,3,4,4,5,6,6,7,8,8,9,10,10,10,11,11,11,10,10,10,9,8,7,6,5,4,3,1,0,-2,-3,-4,-6,-7,-8,-9,-10,-10,-11,-11,-12,-12,-12,-11,-11,-11,-10,-9,-8,-8,-7,-6,-5,-4,-3,-2,-1,0,1,1,2,3,3,3,4,4,4,4,4,4,4,4,3,3,3,3,2,2,2,2,1,1,1,1,1,1,0,0,0,0,0,0,0,0,0,0,0,0,0,0,0,0,0,0,0,-1,-1,-1,-1,-1,-1,-1,-2,-2,-2,-2,-2,-2,-2,-1,-1,-1,-1,0,0,1,2,2,3,4,4,5,6,6,7,8,8,8,9,9,9,8,8,7,6,6,4,3,2,0,-1,-3,-5,-6,-8,-10,-11,-13,-14,-15,-16,-16,-17,-17,-17,-16,-15,-15,-13,-12,-10,-9,-7,-5,-3,-1,1,3,5,7,8,10,11,12,13,13,14,14,14,13,13,12,11,10,9,8,7,6,4,3,2,1,0,-1,-1,-2,-2,-3,-3,-3,-3,-3,-3,-2,-2,-2,-1,-1,0,0,1,1,2,2,2,3,3,3,3,3,3,3,3,2,2,2,1,1,0,0,-1,-1,-2,-2,-3,-3,-4,-4,-5,-5,-6,-6,-6,-7,-7,-7,-7,-7,-7,-7,-7,-7,-7,-6,-6,-6,-5,-5,-4,-4,-3,-3,-2,-2,-1,-1,0,0,0,1,1,2,2,2,3,3,3,4,4,4,4,5,5,5,5,6,6,6,6,6,6,6,7,7,7,7,7,7,7,7,6,6,6,6,5,5,4,4,3,3,2,1,1,0,-1,-2,-2,-3,-4,-5,-6,-6,-7,-8,-8,-9,-9,-10,-10,-10,-10,-10,-10,-10,-10,-9,-9,-8,-8,-7,-6,-5,-4,-3,-2,-1,0,1,3,4,5,6,7,7,8,9,9,10,10,10,10,10,10,10,9,9,8,8,7,6,5,5,4,3,2,1,0,0,-1,-2,-2,-3,-3,-4,-4,-4,-4,-5,-5,-4,-4,-4,-4,-4,-4,-3,-3,-3,-3,-3,-2,-2,-2,-2,-3,-3,-3,-3,-4,-4,-5,-5,-6,-6,-6,-7,-7,-7,-8,-8,-8,-8,-7,-7,-6,-6,-5,-4,-3,-1,0,1,3,4,6,7,8,10,11,12,13,14,14,15,15,15,15,15,14,13,12,11,10,9,8,6,5,3,2,1,-1,-2,-3,-4,-5,-5,-6,-6,-6,-6,-6,-6,-6,-6,-5,-5,-4,-4,-3,-3,-3,-2,-2,-2,-2,-3,-3,-3,-4,-4,-5,-6,-6,-7,-8,-8,-9,-9,-10,-10,-10,-10,-10,-10,-9,-9,-8,-7,-6,-5,-3,-2,-1,1,2,4,5,7,8,10,11,12,13,14,14,15,15,15,16,16,16,15,15,15,14,14,13,12,12,11,10,9,8,7,6,5,4,3,1,0,-2,-3,-5,-7,-9,-10,-12,-14,-16,-18,-19,-21,-22,-23,-24,-25,-26,-26,-26,-26,-25,-24,-23,-21,-19,-17,-14,-12,-9,-6,-3,0,3,6,9,12,14,17,19,21,22,24,25,25,25,25,25,24,23,22,20,18,17,15,13,11,9,7,5,3,2,0,-1,-2,-3,-4,-4,-5,-5,-5,-5,-5,-4,-4,-4,-3,-3,-3,-2,-2,-2,-2,-2,-2,-2,-2,-3,-3,-4,-5,-5,-6,-7,-7,-8,-8,-9,-9,-10,-10,-10,-10,-10,-9,-9,-8,-8,-7,-6,-5,-4,-2,-1,0,1,2,4,5,6,6,7,8,8,8,8,8,8,7,6,6,5,4,2,1,0,-1,-3,-4,-5,-6,-7,-8,-8,-8,-8,-8,-8,-8,-7,-6,-5,-4,-2,-1,1,3,4,6,7,9,10,11,13,13,14,14,14,14,14,13,13,12,10,9,8,6,4,3,1,-1,-2,-4,-5,-6,-7,-8,-9,-9,-9,-9,-9,-9,-8,-8,-7,-6,-5,-5,-4,-3,-2,-1,-1,0,0,1,1,1,1,0,0,-1,-1,-2,-3,-3,-4,-5,-5,-6,-6,-7,-7,-7,-7,-6,-6,-5,-4,-4,-2,-1,0,1,3,4,5,7,8,9,10,11,11,12,12,13,13,12,12,11,11,10,9,8,7,6,4,3,2,1,-1,-2,-3,-4,-5,-5,-6,-7,-7,-7,-7,-8,-8,-8,-8,-7,-7,-7,-7,-6,-6,-6,-6,-6,-5,-5,-5,-5,-5,-4,-4,-4,-4,-4,-3,-3,-3,-2,-2,-1,-1,0,1,1,2,3,3,4,5,6,6,7,7,8,8,8,9,9,9,9,8,8,8,7,6,6,5,4,3,2,2,1,0,-1,-2,-3,-3,-4,-5,-5,-5,-6,-6,-6,-6,-6,-6,-5,-5,-5,-4,-4,-3,-3,-2,-1,-1,0,0,1,1,1,1,2,2,2,2,1,1,1,1,0,0,-1,-1,-1,-2,-2,-2,-2,-2,-2,-2,-2,-1,-1,0,0,1,2,2,3,4,5,6,6,7,7,8,8,8,8,7,7,6,5,4,3,2,0,-1,-3,-4,-5,-7,-8,-9,-11,-11,-12,-13,-13,-13,-13,-12,-12,-11,-10,-9,-7,-6,-4,-3,-1,1,2,4,5,6,8,8,9,10,10,10,10,10,9,8,8,7,6,5,4,3,2,1,0,0,-1,-1,-2,-2,-2,-2,-2,-1,-1,0,0,1,1,2,2,3,3,4,4,4,4,4,4,4,4,3,3,2,2,1,1,0,-1,-1,-2,-3,-3,-4,-4,-4,-5,-5,-5,-5,-5,-5,-5,-5,-5,-5,-4,-4,-4,-3,-3,-3,-3,-2,-2,-2,-1,-1,-1,-1,0,0,0,0,1,1,1,1,1,1,1,1,1,1,1,1,0,0,0,-1,-1,-1,-2,-2,-2,-3,-3,-3,-3,-3,-3,-3,-3,-3,-3,-2,-2,-1,-1,0,1,1,2,3,3,4,5,5,6,6,6,6,6,6,6,6,6,5,5,4,3,3,2,2,1,0,0,0,-1,-1,-1,-1,-1,-1,-1,-1,0,0,1,1,2,3,3,4,4,5,5,5,6,6,6,5,5,5,4,4,3,2,1,0,-1,-2,-3,-4,-5,-6,-7,-7,-8,-9,-10,-10,-10,-11,-11,-11,-11,-10,-10,-10,-9,-9,-8,-7,-6,-6,-5,-4,-3,-2,-2,-1,0,1,1,2,3,3,4,4,4,5,5,5,5,5,5,5,5,5,5,5,5,5,4,4,4,4,4,4,4,3,3,3,3,3,3,3,3,3,3,2,2,2,2,2,1,1,1,0,0,0,-1,-1,-2,-2,-3,-3,-4,-4,-5,-5,-5,-5,-6,-6,-6,-6,-5,-5,-5,-4,-4,-3,-2,-1,0,0,1,2,3,4,5,5,6,6,7,7,7,7,7,7,6,6,5,5,4,3,2,1,0,0,-1,-2,-3,-3,-4,-4,-4,-4,-4,-4,-3,-3,-2,-2,-1,0,0,1,1,2,2,2,2,2,2,1,1,0,-1,-2,-4,-5,-6,-8,-9,-10,-12,-13,-14,-14,-15,-15,-15,-15,-14,-13,-12,-11,-9,-7,-5,-3,0,2,4,7,9,11,13,15,17,18,19,20,20,20,20,20,19,18,16,15,13,11,10,8,6,4,2,0,-2,-3,-4,-6,-6,-7,-8,-8,-9,-9,-8,-8,-8,-8,-7,-7,-6,-5,-5,-4,-4,-3,-3,-2,-2,-2,-1,-1,-1,-1,0,0,0,0,0,0,1,1,1,1,2,2,2,2,2,2,2,2,2,2,2,2,2,1,1,1,0,0,-1,-1,-2,-2,-3,-3,-3,-4,-4,-4,-4,-4,-4,-4,-4,-4,-4,-4,-4,-4,-4,-4,-3,-3,-3,-3,-3,-3,-4,-4,-4,-4,-4,-4,-4,-3,-3,-3,-3,-2,-2,-1,0,1,2,3,4,5,6,7,8,9,10,11,12,13,13,14,14,14,14,13,13,12,11,10,9,8,7,5,4,2,1,-1,-2,-3,-4,-5,-6,-7,-8,-8,-8,-8,-8,-8,-8,-7,-7,-6,-6,-5,-4,-4,-3,-3,-2,-2,-1,-1,-1,-1,-1,-1,-2,-2,-3,-3,-4,-4,-4,-5,-5,-6,-6,-6,-6,-6,-6,-5,-5,-4,-4,-3,-2,-1,0,1,2,3,4,5,6,7,8,8,9,9,9,9,9,9,9,8,8,7,7,6,5,4,3,2,1,0,-1,-2,-3,-4,-4,-5,-5,-6,-6,-6,-7,-7,-7,-6,-6,-6,-6,-5,-5,-5,-4,-4,-3,-3,-2,-2,-2,-1,-1,-1,-1,0,0,0,0,0,0,0,0,1,1,1,1,1,2,2,2,3,3,4,4,5,5,6,7,7,8,8,9,9,9,9,10,10,9,9,9,8,8,7,6,6,5,4,3,2,1,0,-1,-2,-3,-3,-4,-5,-5,-5,-6,-6,-6,-6,-6,-6,-6,-6,-6,-6,-6,-6,-7,-7,-8,-9,-9,-10,-11,-13,-14,-15,-16,-17,-18,-19,-20,-21,-21,-21,-21,-20,-20,-18,-17,-15,-13,-11,-8,-5,-2,2,5,9,12,16,19,23,26,29,31,33,35,37,38,38,38,38,37,36,35,33,30,28,25,22,19,15,12,9,5,2,-1,-4,-7,-10,-12,-15,-17,-18,-20,-21,-22,-23,-23,-23,-23,-23,-23,-22,-22,-21,-20,-19,-18,-17,-15,-14,-13,-12,-11,-9,-8,-7,-6,-5,-4,-3,-2,-1,0,1,1,2,3,3,4,5,5,5,6,6,7,7,7,7,8,8,8,8,8,8,8,8,8,8,8,8,8,7,7,7,6,6,5,5,4,3,3,2,1,1,0,-1,-2,-2,-3,-4,-4,-5,-5,-6,-6,-6,-6,-7,-7,-7,-6,-6,-6,-6,-5,-5,-5,-4,-4,-3,-3,-2,-2,-1,-1,0,0,0,1,1,1,2,2,2,3,3,3,3,3,4,4,4,4,4,4,4,4,4,4,4,4,4,4,4,3,3,3,3,3,2,2,2,2,1,1,1,1,1,1,1,1,1,1,1,1,1,1,1,1,1,0,0,0,0,-1,-1,-1,-2,-2,-2,-3,-3,-4,-4,-4,-5,-5,-5,-5,-5,-5,-5,-4,-4,-4,-4,-3,-3,-3,-2,-2,-2,-2,-2,-2,-3,-3,-4,-4,-5,-6,-7,-8,-9,-9,-10,-11,-12,-12,-13,-13,-13,-13,-12,-11,-10,-9,-7,-5,-3,0,2,5,8,11,14,17,20,22,25,27,29,31,32,33,33,33,32,31,30,28,26,24,21,18,15,11,8,4,1,-3,-6,-10,-13,-15,-18,-20,-22,-23,-24,-25,-25,-25,-25,-25,-24,-23,-21,-20,-18,-17,-15,-13,-11,-10,-8,-6,-5,-4,-3,-2,-1,0,0,1,1,1,1,1,1,1,1,1,1,1,1,1,1,1,2,2,3,3,4,5,6,7,7,8,9,10,11,11,12,12,13,13,13,12,12,11,11,10,9,7,6,5,3,2,0,-2,-3,-5,-6,-7,-9,-10,-10,-11,-12,-12,-12,-12,-12,-12,-11,-10,-9,-9,-7,-6,-5,-4,-3,-1,0,1,2,3,4,4,5,5,6,6,6,6,6,6,5,5,4,4,3,3,2,2,1,1,0,0,-1,-1,-1,-1,-1,-1,-1,0,0,0,1,1,1,2,2,3,3,4,4,5,5,5,6,6,6,6,6,5,5,5,4,4,3,3,2,1,0,-1,-2,-3,-4,-5,-5,-6,-7,-8,-9,-9,-10,-10,-10,-11,-11,-11,-11,-10,-10,-10,-9,-8,-8,-7,-6,-5,-5,-4,-3,-2,-1,-1,0,1,1,2,2,3,3,3,4,4,4,4,4,4,4,5,5,5,5,5,6,6,6,6,7,7,7,7,8,8,8,8,8,8,8,8,8,8,7,7,6,6,5,4,3,2,1,0,-1,-1,-2,-3,-4,-5,-6,-6,-7,-7,-8,-8,-8,-8,-8,-8,-8,-8,-7,-7,-7,-6,-6,-6,-5,-5,-4,-4,-4,-3,-3,-2,-2,-1,-1,0,0,1,1,2,2,2,3,3,4,4,4,5,5,5,5,5,4,4,3,3,2,1,0,0,-1,-2,-3,-4,-5,-6,-7,-8,-8,-9,-9,-9,-9,-8,-8,-7,-6,-5,-3,-2,0,2,3,5,7,8,10,11,12,13,14,14,15,15,14,14,13,12,11,10,8,7,5,3,2,0,-2,-3,-5,-6,-7,-8,-8,-9,-9,-9,-9,-8,-8,-7,-6,-6,-5,-4,-3,-2,-1,-1,0,1,1,1,1,1,1,1,0,0,0,-1,-2,-2,-3,-3,-3,-4,-4,-4,-4,-4,-3,-3,-2,-2,-1,0,1,2,3,4,5,5,6,7,7,8,8,8,8,7,7,6,6,5,4,3,2,1,-1,-2,-3,-4,-5,-6,-7,-8,-9,-9,-10,-10,-10,-10,-10,-10,-10,-9,-8,-8,-7,-6,-5,-4,-3,-2,-1,-1,0,1,2,3,3,4,4,5,5,5,5,5,5,5,5,5,5,5,5,5,5,5,5,5,5,5,5,5,5,6,6,6,6,6,7,7,7,7,7,7,6,6,6,5,4,4,3,2,1,0,-1,-2,-3,-4,-5,-6,-7,-8,-9,-10,-10,-10,-10,-10,-10,-10,-9,-9,-8,-7,-6,-5,-4,-3,-2,-1,0,1,2,3,4,4,4,5,5,5,4,4,3,3,2,1,0,-1,-2,-3,-4,-5,-6,-6,-7,-7,-8,-8,-8,-8,-7,-7,-6,-5,-4,-3,-2,-1,0,2,3,4,5,6,8,8,9,10,10,11,11,11,11,11,10,10,9,9,8,7,6,5,4,4,3,2,1,0,-1,-1,-2,-2,-3,-3,-4,-4,-4,-4,-4,-4,-4,-4,-4,-4,-4,-4,-4,-4,-4,-4,-4,-4,-4,-4,-4,-4,-4,-4,-4,-4,-4,-4,-4,-4,-3,-3,-3,-3,-3,-2,-2,-2,-1,-1,0,0,0,1,1,2,2,3,3,3,4,4,4,5,5,5,5,5,5,5,5,5,5,5,5,5,5,4,4,4,4,4,4,3,3,3,3,3,3,3,3,3,3,3,3,3,2,2,2,2,1,1,0,0,-1,-2,-3,-4,-5,-6,-8,-9,-10,-12,-13,-14,-15,-16,-17,-18,-18,-19,-19,-19,-18,-18,-17,-16,-14,-13,-11,-9,-6,-4,-1,1,4,7,9,12,15,17,19,21,22,24,25,26,26,26,26,25,24,23,22,20,18,16,14,11,9,6,4,2,-1,-3,-5,-7,-9,-10,-12,-13,-14,-15,-15,-15,-15,-15,-15,-14,-13,-13,-12,-11,-10,-8,-7,-6,-5,-4,-3,-2,-1,0,0,1,1,2,2,2,2,2,2,2,2,2,1,1,0,0,0,-1,-1,-1,-1,-2,-2,-2,-2,-2,-1,-1,-1,0,0,1,1,2,3,3,4,4,5,6,6,7,7,7,7,7,7,7,7,6,6,5,5,4,3,2,1,0,-1,-2,-3,-4,-5,-6,-6,-7,-8,-8,-8,-9,-9,-9,-9,-8,-8,-8,-7,-6,-6,-5,-4,-3,-2,-2,-1,0,1,1,2,3,3,3,4,4,4,4,4,4,3,3,3,2,2,1,1,1,0,0,0,-1,-1,-1,-1,-1,-1,0,0,1,1,2,2,3,3,4,5,5,6,7,7,7,8,8,8,8,8,8,8,8,8,7,7,6,5,5,4,3,2,1,1,0,-1,-2,-3,-4,-4,-5,-6,-6,-7,-8,-8,-9,-9,-10,-10,-10,-11,-11,-11,-11,-11,-12,-12,-11,-11,-11,-11,-11,-10,-10,-9,-9,-8,-7,-6,-5,-4,-3,-2,-1,0,1,2,3,4,5,6,7,8,9,9,10,11,11,11,12,12,12,12,12,12,12,12,11,11,11,10,10,9,9,8,8,7,7,6,6,5,4,4,3,2,1,0,0,-1,-2,-3,-4,-5,-6,-7,-8,-9,-10,-11,-11,-12,-13,-13,-14,-14,-14,-14,-14,-14,-13,-13,-12,-11,-10,-10,-8,-7,-6,-5,-4,-2,-1,0,1,3,4,5,6,7,8,8,9,10,10,10,11,11,11,11,11,11,11,10,10,10,9,9,9,8,8,7,7,6,6,5,5,5,4,4,4,3,3,3,3,3,2,2,2,2,1,1,0,0,-1,-2,-2,-3,-4,-5,-7,-8,-9,-11,-12,-14,-16,-17,-19,-20,-22,-23,-24,-25,-25,-26,-26,-26,-25,-24,-23,-22,-20,-18,-15,-13,-10,-6,-3,0,4,7,11,14,18,21,24,26,29,31,33,34,35,35,35,35,34,33,31,29,27,24,22,19,16,13,10,7,4,1,-2,-5,-7,-9,-11,-13,-14,-16,-17,-17,-18,-18,-18,-18,-17,-17,-16,-15,-14,-13,-12,-11,-9,-8,-7,-5,-4,-3,-2,0,1,2,3,4,4,5,6,6,7,7,7,7,7,7,6,6,5,5,4,3,2,1,0,-1,-2,-3,-4,-5,-6,-7,-8,-8,-9,-9,-10,-10,-10,-10,-10,-10,-10,-9,-9,-9,-8,-7,-7,-6,-5,-5,-4,-3,-3,-2,-2,-1,0,0,1,1,2,2,3,4,4,5,6,7,8,9,10,11,12,12,13,14,15,16,17,17,17,18,18,18,17,17,16,15,14,13,12,10,8,6,5,3,1,-1,-3,-5,-7,-9,-10,-12,-13,-14,-15,-16,-16,-17,-17,-17,-16,-16,-16,-15,-14,-14,-13,-12,-11,-11,-10,-9,-8,-8,-7,-7,-6,-6,-5,-5,-4,-4,-3,-3,-2,-2,-1,0,1,1,2,3,4,6,7,8,9,10,12,13,14,15,15,16,16,17,17,17,16,16,15,14,13,12,11,9,8,6,4,3,1,-1,-3,-4,-6,-7,-8,-10,-10,-11,-12,-12,-13,-13,-13,-13,-12,-12,-11,-11,-10,-9,-8,-8,-7,-6,-5,-5,-4,-3,-3,-2,-2,-1,-1,-1,0,0,0,0,1,1,1,1,1,1,1,2,2,2,2,3,3,3,4,4,5,5,5,6,6,7,7,7,8,8,8,8,8,8,8,8,8,8,7,7,6,6,5,4,3,3,2,1,0,-2,-3,-4,-5,-6,-7,-8,-9,-10,-10,-11,-11,-12,-12,-12,-12,-12,-12,-11,-11,-10,-9,-8,-7,-6,-5,-4,-3,-2,-1,0,1,2,3,3,4,4,5,5,6,6,6,7,7,7,7,8,8,8,9,9,10,10,11,11,12,13,13,14,14,14,15,15,14,14,13,12,11,10,8,6,4,1,-1,-4,-7,-10,-13,-16,-19,-22,-24,-27,-29,-30,-32,-33,-33,-33,-33,-32,-30,-29,-26,-24,-21,-17,-14,-10,-6,-3,1,5,8,12,15,18,20,22,24,25,26,26,26,25,25,24,22,21,19,17,15,13,11,10,8,6,5,4,3,2,2,2,1,2,2,2,3,3,4,4,5,5,6,6,6,6,5,5,4,3,2,1,-1,-2,-4,-5,-7,-9,-10,-12,-13,-14,-16,-16,-17,-18,-18,-18,-18,-18,-18,-17,-16,-15,-14,-13,-12,-10,-9,-8,-7,-5,-4,-3,-2,-1,0,1,2,2,3,3,4,4,4,5,5,5,5,5,6,6,6,7,7,7,8,8,9,9,10,10,11,11,11,12,12,12,12,12,12,12,11,11,10,9,9,8,7,6,5,3,2,1,0,-1,-3,-4,-5,-6,-7,-8,-9,-10,-10,-11,-11,-12,-12,-12,-12,-12,-12,-11,-11,-11,-10,-10,-9,-9,-8,-7,-7,-6,-5,-5,-4,-3,-3,-2,-2,-1,0,0,1,1,2,2,3,3,4,4,4,5,5,6,6,7,7,7,8,8,9,9,9,10,10,10,10,10,10,10,10,10,9,9,9,8,7,7,6,5,4,3,2,1,-1,-2,-3,-4,-5,-6,-7,-8,-8,-9,-10,-10,-10,-10,-10,-10,-9,-9,-8,-8,-7,-6,-5,-4,-3,-2,-2,-1,0,0,1,1,1,1,1,0,-1,-1,-2,-3,-4,-6,-7,-8,-9,-10,-11,-12,-13,-13,-14,-14,-14,-13,-12,-11,-10,-8,-7,-5,-2,0,2,5,8,10,13,15,17,20,21,23,24,26,26,27,27,27,26,25,24,22,21,19,17,15,12,10,8,5,3,1,-2,-4,-6,-7,-9,-10,-12,-13,-13,-14,-15,-15,-15,-15,-15,-15,-15,-15,-14,-14,-14,-13,-13,-12,-12,-11,-11,-10,-10,-9,-9,-8,-8,-7,-6,-5,-4,-3,-3,-1,0,1,2,3,4,5,7,8,9,10,11,11,12,12,13,13,13,13,13,12,12,11,10,9,8,6,5,4,2,1,-1,-2,-3,-5,-6,-7,-8,-9,-10,-10,-11,-11,-11,-11,-11,-10,-10,-9,-9,-8,-7,-6,-5,-4,-3,-2,-1,1,2,3,3,4,5,6,6,7,7,7,8,8,8,8,8,7,7,7,7,6,6,6,5,5,4,4,4,3,3,3,3,2,2,2,2,2,2,1,1,1,1,1,1,1,0,0,0,0,-1,-1,-1,-2,-2,-3,-3,-3,-4,-4,-5,-5,-6,-6,-7,-7,-8,-8,-9,-9,-9,-10,-10,-10,-10,-10,-10,-10,-9,-9,-9,-8,-7,-7,-6,-5,-4,-3,-2,-1,0,1,2,3,4,5,6,7,8,9,10,10,11,11,12,12,12,12,12,12,11,11,10,10,9,9,8,7,6,6,5,4,3,3,2,1,1,0,0,-1,-2,-2,-2,-3,-3,-4,-4,-4,-4,-5,-5,-5,-5,-5,-6,-6,-6,-6,-6,-6,-6,-6,-6,-6,-6,-6,-6,-6,-6,-6,-6,-5,-5,-5,-5,-4,-4,-4,-3,-3,-2,-2,-1,-1,0,0,1,1,2,2,3,3,4,4,4,5,5,5,6,6,6,6,6,6,6,6,6,6,6,6,6,6,6,6,6,5,5,5,5,5,4,4,4,3,3,3,2,1,1,0,-1,-2,-3,-4,-5,-6,-7,-8,-9,-10,-11,-11,-12,-13,-13,-14,-14,-14,-14,-14,-13,-13,-12,-11,-10,-8,-7,-5,-4,-2,0,2,3,5,7,8,9,11,12,13,13,14,15,15,15,15,15,15,14,14,13,13,12,11,10,10,9,8,7,7,6,5,4,3,2,1,0,-1,-2,-3,-5,-6,-7,-9,-11,-12,-14,-15,-17,-18,-19,-21,-21,-22,-23,-23,-23,-23,-22,-21,-20,-18,-16,-14,-12,-9,-7,-4,-1,2,5,8,10,13,15,17,19,21,22,23,23,23,23,23,22,21,20,18,16,14,13,11,9,7,5,3,1,0,-1,-2,-3,-4,-4,-5,-5,-5,-5,-5,-4,-4,-4,-3,-3,-3,-2,-2,-2,-2,-2,-3,-3,-3,-4,-4,-5,-6,-6,-7,-7,-8,-8,-8,-9,-9,-9,-8,-8,-8,-7,-6,-5,-4,-3,-2,-1,0,1,2,3,4,5,6,7,7,8,8,8,8,8,7,7,6,6,5,4,3,2,1,0,-1,-2,-3,-4,-5,-5,-6,-7,-7,-7,-8,-8,-8,-8,-8,-7,-7,-7,-6,-6,-5,-4,-4,-3,-2,-2,-1,0,0,1,2,3,3,4,4,5,6,6,7,7,8,8,8,9,9,9,9,9,9,9,9,9,9,8,8,8,7,7,6,6,5,4,4,3,3,2,1,1,0,0,-1,-1,-2,-2,-3,-3,-4,-4,-5,-5,-5,-6,-6,-6,-7,-7,-7,-8,-8,-8,-8,-8,-8,-8,-9,-9,-8,-8,-8,-8,-8,-7,-7,-7,-6,-6,-5,-4,-4,-3,-3,-2,-1,0,0,1,1,2,3,3,3,4,4,5,5,5,5,5,5,5,5,5,5,5,5,5,4,4,4,4,4,4,4,4,3,3,3,3,4,4,4,4,4,4,4,4,4,4,4,4,4,4,4,4,3,3,3,2,2,1,1,0,0,-1,-2,-2,-3,-4,-5,-5,-6,-6,-7,-8,-8,-8,-9,-9,-9,-9,-9,-9,-9,-9,-8,-8,-7,-7,-6,-5,-5,-4,-3,-2,-1,-1,0,1,2,3,3,4,4,5,5,6,6,7,7,7,7,7,7,7,7,7,7,7,7,7,7,7,7,7,7,7,7,7,7,7,7,6,6,6,5,5,4,4,3,2,1,0,-2,-3,-5,-6,-8,-10,-11,-13,-15,-16,-18,-19,-20,-21,-22,-22,-22,-22,-22,-21,-20,-19,-17,-15,-13,-11,-8,-6,-3,0,2,5,8,10,12,15,17,18,20,21,21,22,22,22,21,21,20,19,17,16,14,13,11,9,8,6,5,3,2,1,0,-1,-2,-2,-3,-3,-3,-3,-3,-3,-3,-3,-3,-3,-3,-3,-3,-3,-3,-3,-3,-4,-4,-4,-5,-5,-5,-5,-6,-6,-6,-6,-6,-6,-6,-5,-5,-5,-4,-3,-3,-2,-1,-1,0,1,1,2,2,3,3,3,3,4,3,3,3,2,2,1,1,0,-1,-2,-3,-4,-5,-6,-6,-7,-8,-9,-9,-10,-10,-10,-10,-10,-10,-10,-9,-9,-8,-7,-6,-5,-4,-2,-1,1,2,3,5,6,8,9,10,11,12,13,14,14,15,15,15,15,15,14,14,13,12,11,10,9,8,7,6,5,4,3,2,1,0,-1,-2,-3,-4,-4,-5,-5,-6,-6,-6,-7,-7,-7,-7,-7,-8,-8,-8,-8,-8,-8,-8,-8,-7,-7,-7,-6,-6,-5,-5,-4,-3,-2,-1,0,1,2,3,4,5,5,6,7,8,8,8,9,9,9,8,8,7,6,5,4,3,2,1,-1,-2,-3,-5,-6,-7,-8,-9,-9,-10,-10,-10,-10,-10,-10,-9,-8,-8,-7,-6,-5,-3,-2,-1,0,1,2,3,3,4,5,5,5,5,5,5,5,5,4,4,3,3,2,2,1,1,1,1,0,0,0,1,1,1,2,2,3,3,4,5,5,6,7,7,7,8,8,8,8,8,7,7,6,6,5,4,3,2,1,-1,-2,-3,-4,-5,-6,-8,-8,-9,-10,-11,-11,-11,-12,-12,-12,-11,-11,-11,-10,-9,-9,-8,-7,-6,-5,-5,-4,-3,-2,-1,-1,0,1,1,2,2,3,3,3,4,4,4,4,5,5,5,5,6,6,6,7,7,7,8,8,9,9,9,10,10,10,10,10,10,10,10,9,9,8,7,6,5,4,3,2,1,-1,-2,-3,-5,-6,-7,-8,-9,-10,-11,-12,-13,-13,-13,-14,-14,-14,-14,-13,-13,-12,-12,-11,-11,-10,-9,-8,-7,-7,-6,-5,-4,-4,-3,-2,-1,-1,0,1,1,2,2,3,4,4,5,5,6,7,7,8,8,9,10,10,11,11,11,12,12,12,12,12,12,12,12,12,11,10,10,9,8,7,6,5,4,3,2,1,-1,-2,-3,-4,-5,-6,-7,-8,-9,-10,-11,-12,-12,-13,-13,-13,-14,-14,-14,-14,-13,-13,-13,-12,-12,-11,-10,-9,-9,-8,-6,-5,-4,-3,-2,0,1,2,3,5,6,7,8,9,10,11,12,12,13,13,14,14,14,13,13,13,12,12,11,10,9,8,7,6,6,5,4,3,2,2,1,1,0,0,-1,-1,-1,-1,-1,-1,-1,-2,-2,-2,-2,-3,-3,-4,-5,-6,-7,-8,-9,-11,-12,-14,-15,-17,-18,-19,-20,-22,-22,-23,-23,-24,-23,-23,-22,-21,-19,-17,-15,-13,-10,-7,-4,-1,3,6,10,13,16,19,22,25,27,29,31,32,33,33,33,33,32,31,29,27,25,23,20,17,14,11,8,5,2,-1,-3,-6,-8,-10,-12,-14,-15,-16,-17,-17,-18,-18,-18,-17,-17,-16,-15,-14,-13,-12,-11,-10,-9,-8,-6,-5,-4,-3,-2,-1,0,1,2,3,3,4,5,6,6,7,7,7,8,8,8,8,8,8,7,7,7,6,5,5,4,3,2,1,0,-1,-2,-4,-5,-6,-7,-8,-8,-9,-10,-10,-11,-11,-11,-11,-11,-11,-11,-11,-10,-9,-9,-8,-7,-7,-6,-5,-4,-3,-3,-2,-1,-1,0,1,1,2,2,3,3,4,4,5,5,6,6,7,7,8,9,9,10,11,12,12,13,14,14,15,16,16,16,16,16,16,16,15,15,14,13,12,10,9,7,5,3,1,-1,-3,-5,-7,-9,-11,-13,-15,-16,-18,-19,-19,-20,-20,-21,-20,-20,-19,-19,-18,-17,-15,-14,-12,-11,-9,-7,-6,-4,-3,-1,0,1,2,3,4,5,5,6,6,6,6,6,6,6,5,5,5,5,5,5,5,5,5,5,5,5,6,6,6,7,7,7,8,8,8,8,8,8,8,7,7,6,6,5,4,3,2,1,0,-1,-3,-4,-5,-6,-7,-8,-8,-9,-10,-10,-10,-10,-10,-10,-10,-10,-9,-9,-8,-7,-6,-6,-5,-4,-3,-2,-1,-1,0,0,1,1,2,2,2,2,2,2,2,2,2,2,1,1,1,1,2,2,2,2,3,3,4,5,5,6,7,8,8,9,10,10,11,11,11,12,12,11,11,10,10,9,8,7,5,4,3,1,0,-2,-3,-5,-6,-7,-8,-9,-10,-11,-11,-11,-12,-12,-11,-11,-11,-11,-10,-10,-9,-9,-8,-8,-8,-7,-7,-7,-7,-7,-8,-8,-8,-8,-9,-9,-9,-9,-9,-9,-9,-8,-8,-7,-6,-5,-3,-1,0,2,5,7,9,11,13,15,17,19,21,22,24,24,25,25,25,25,24,23,21,20,18,16,13,11,8,6,3,1,-2,-4,-7,-9,-11,-12,-14,-15,-16,-17,-17,-17,-17,-17,-17,-16,-15,-14,-13,-12,-11,-10,-8,-7,-6,-5,-4,-2,-1,0,1,1,2,3,3,4,4,5,5,6,6,6,6,6,6,6,6,6,5,5,5,4,4,4,3,2,2,1,1,0,-1,-1,-2,-3,-3,-4,-4,-5,-5,-5,-6,-6,-6,-6,-6,-6,-5,-5,-5,-5,-4,-4,-3,-3,-3,-2,-2,-1,-1,0,0,1,1,1,2,2,2,3,3,3,4,4,4,5,5,5,5,6,6,6,6,6,6,6,6,6,6,6,6,5,5,5,4,4,3,3,2,1,1,0,0,-1,-1,-2,-2,-3,-3,-4,-4,-4,-4,-5,-5,-5,-5,-5,-5,-5,-5,-5,-5,-4,-4,-4,-4,-4,-4,-4,-4,-4,-4,-4,-4,-4,-3,-3,-3,-3,-2,-2,-1,-1,0,0,1,1,2,3,3,4,4,5,5,5,5,6,6,6,5,5,5,4,4,3,3,2,2,1,0,0,-1,-2,-2,-3,-3,-3,-3,-3,-3,-3,-3,-3,-3,-2,-2,-2,-1,-1,0,0,0,1,1,1,2,2,2,3,3,3,3,4,4,4,4,5,5,6,6,6,7,7,8,8,8,8,8,8,8,7,7,6,5,4,3,1,0,-2,-4,-6,-8,-10,-12,-14,-16,-18,-20,-21,-22,-23,-23,-23,-23,-23,-22,-21,-19,-17,-15,-13,-11,-8,-5,-3,0,3,5,8,10,12,13,15,16,17,18,18,18,18,17,17,16,15,14,13,11,10,9,8,7,6,5,5,4,4,4,4,4,4,4,4,4,5,5,5,5,5,5,5,4,4,3,3,2,1,0,0,-1,-2,-3,-4,-5,-6,-6,-7,-7,-8,-8,-8,-8,-8,-8,-8,-8,-8,-7,-7,-7,-7,-7,-7,-7,-7,-7,-7,-7,-8,-8,-8,-9,-9,-9,-10,-10,-10,-10,-10,-10,-9,-9,-8,-7,-6,-5,-4,-3,-1,0,2,4,5,7,8,10,11,12,14,15,15,16,17,17,17,17,17,16,16,15,14,13,12,11,10,9,8,6,5,4,3,2,0,-1,-1,-2,-3,-4,-4,-5,-5,-6,-6,-6,-6,-7,-7,-7,-7,-7,-6,-6,-6,-6,-6,-6,-6,-6,-5,-5,-5,-5,-5,-5,-5,-4,-4,-4,-4,-4,-4,-4,-4,-4,-3,-3,-3,-3,-3,-2,-2,-2,-1,-1,-1,0,0,1,1,2,2,3,3,4,4,4,5,5,5,6,6,6,6,6,6,6,5,5,5,4,4,4,3,2,2,1,1,0,0,-1,-1,-1,-2,-2,-2,-2,-2,-2,-2,-2,-2,-2,-1,-1,-1,-1,0,0,0,0,1,1,1,1,1,1,1,1,1,1,1,1,1,0,0,0,0,-1,-1,-1,-1,-2,-2,-2,-2,-3,-3,-3,-3,-3,-3,-3,-3,-3,-3,-3,-3,-3,-3,-2,-2,-1,-1,0,1,1,2,3,4,4,5,6,6,7,7,8,8,8,7,7,7,6,5,4,2,1,-1,-2,-4,-6,-8,-10,-11,-13,-14,-16,-17,-17,-18,-18,-18,-17,-16,-15,-14,-12,-10,-7,-5,-2,0,3,6,9,11,14,16,18,20,21,22,23,23,23,23,22,21,19,17,16,13,11,9,6,4,1,-1,-3,-5,-7,-9,-10,-11,-12,-13,-13,-13,-13,-13,-12,-11,-10,-9,-8,-7,-6,-4,-3,-2,-1,0,1,2,3,3,4,4,5,5,5,5,5,5,5,4,4,4,4,3,3,3,2,2,1,1,1,0,0,-1,-1,-2,-2,-3,-3,-4,-4,-5,-5,-6,-7,-7,-8,-8,-8,-9,-9,-9,-10,-10,-10,-10,-10,-10,-10,-9,-9,-8,-8,-7,-6,-5,-4,-3,-2,-1,0,1,2,4,5,6,8,9,10,11,12,13,14,15,16,16,17,17,17,17,17,17,16,16,15,14,13,12,11,9,8,6,5,4,2,1,-1,-2,-3,-5,-6,-7,-8,-9,-9,-10,-10,-11,-11,-11,-11,-11,-11,-11,-11,-11,-10,-10,-10,-9,-9,-8,-8,-8,-7,-7,-7,-7,-6,-6,-6,-6,-5,-5,-5,-4,-4,-4,-3,-3,-2,-2,-1,-1,0,1,2,3,4,4,5,6,7,8,9,10,11,11,12,13,13,13,14,14,14,13,13,13,12,11,11,10,9,7,6,5,4,2,1,0,-2,-3,-4,-6,-7,-8,-9,-9,-10,-11,-11,-12,-12,-12,-12,-12,-12,-11,-11,-10,-10,-9,-9,-8,-7,-7,-6,-5,-5,-4,-3,-3,-2,-2,-1,-1,0,0,1,1,1,2,2,2,3,3,3,4,4,4,5,5,5,6,6,7,7,7,8,8,8,9,9,9,10,10,10,10,10,10,9,9,9,8,8,7,6,6,5,4,3,2,1,0,-2,-3,-4,-5,-6,-7,-8,-9,-10,-11,-11,-12,-12,-13,-13,-13,-13,-13,-13,-13,-12,-11,-11,-10,-9,-8,-7,-7,-6,-4,-3,-2,-1,0,0,1,2,3,4,4,5,5,6,6,7,7,7,7,7,7,7,7,7,7,7,7,6,6,6,6,6,5,5,5,5,5,5,4,4,4,4,3,3,3,3,2,2,2,1,1,0,0,0,-1,-1,-2,-2,-3,-3,-4,-4,-4,-5,-5,-5,-6,-6,-6,-6,-6,-6,-6,-6,-6,-6,-6,-5,-5,-5,-5,-4,-4,-4,-3,-3,-2,-2,-1,-1,0,0,1,1,1,2,2,3,3,3,4,4,4,4,4,4,4,4,4,4,4,3,3,3,2,2,2,1,1,0,0,0,0,-1,-1,-1,-1,-1,-1,0,0,0,1,1,1,2,2,3,3,3,4,4,4,4,4,4,4,4,3,3,3,2,2,1,0,0,-1,-1,-2,-2,-2,-3,-3,-3,-3,-3,-3,-3,-3,-3,-2,-2,-2,-2,-2,-2,-2,-2,-2,-3,-3,-3,-4,-5,-6,-6,-7,-8,-9,-10,-10,-11,-11,-12,-12,-12,-12,-11,-11,-10,-9,-8,-6,-4,-3,-1,1,3,5,8,10,12,13,15,17,18,19,20,20,21,21,21,20,19,18,17,16,14,13,11,9,8,6,4,2,1,-1,-2,-3,-5,-6,-7,-7,-8,-8,-9,-9,-9,-10,-10,-10,-10,-10,-10,-10,-10,-10,-10,-10,-10,-10,-10,-10,-10,-10,-9,-9,-9,-8,-8,-7,-6,-5,-5,-3,-2,-1,0,1,3,4,5,7,8,9,10,11,12,12,13,13,13,13,13,13,12,12,11,10,9,8,7,5,4,3,1,0,-1,-3,-4,-5,-6,-7,-8,-8,-9,-10,-10,-10,-10,-10,-10,-10,-10,-10,-9,-9,-9,-8,-8,-7,-7,-6,-6,-5,-5,-4,-3,-3,-2,-2,-1,-1,0,0,1,1,2,2,3,4,4,5,6,6,7,7,8,9,9,10,10,10,11,11,11,11,11,11,11,11,10,10,9,8,8,7,6,5,4,4,3,2,1,0,-1,-2,-3,-3,-4,-5,-5,-6,-6,-7,-7,-7,-7,-8,-8,-8,-8,-8,-8,-8,-8,-8,-8,-8,-8,-8,-8,-8,-8,-8,-7,-7,-7,-7,-7,-7,-6,-6,-6,-5,-5,-4,-4,-3,-2,-2,-1,0,1,1,2,3,4,5,5,6,7,7,8,8,9,9,9,9,10,10,10,9,9,9,9,8,8,8,7,7,6,6,5,5,4,4,3,3,2,2,1,1,1,0,0,0,-1,-1,-1,-1,-2,-2,-2,-3,-3,-3,-4,-4,-5,-5,-6,-6,-7,-7,-8,-8,-9,-9,-10,-10,-10,-11,-11,-11,-11,-11,-10,-10,-10,-9,-8,-8,-7,-6,-4,-3,-2,-1,1,2,3,5,6,7,8,9,10,11,12,12,13,13,13,13,13,13,12,12,11,10,10,9,8,7,6,5,4,3,2,1,1,0,-1,-1,-1,-2,-2,-2,-2,-2,-3,-3,-3,-3,-3,-3,-3,-3,-3,-4,-4,-4,-5,-5,-6,-6,-7,-7,-8,-8,-9,-9,-9,-9,-9,-9,-9,-8,-8,-7,-6,-5,-4,-3,-1,0,1,3,4,5,6,7,8,9,9,10,10,10,9,9,8,7,5,4,2,1,-1,-2,-4,-6,-7,-9,-10,-11,-11,-12,-12,-12,-11,-11,-10,-8,-7,-5,-3,-2,1,3,5,7,9,10,12,13,15,16,16,17,17,17,16,15,15,13,12,11,9,7,6,4,2,1,-1,-2,-4,-5,-6,-7,-8,-8,-9,-9,-9,-9,-9,-9,-9,-8,-8,-8,-8,-7,-7,-7,-6,-6,-6,-6,-6,-5,-5,-5,-5,-4,-4,-3,-2,-2,-1,0,1,2,3,4,5,6,7,8,9,10,10,11,11,11,11,11,10,9,9,8,7,5,4,3,1,0,-2,-3,-4,-5,-7,-8,-8,-9,-9,-10,-10,-10,-9,-9,-9,-8,-7,-6,-6,-5,-4,-3,-2,-1,-1,0,0,1,1,1,1,1,1,1,0,0,0,-1,-1,-2,-2,-2,-2,-3,-3,-3,-3,-2,-2,-2,-1,-1,0,0,1,2,3,3,4,5,5,6,7,7,8,8,8,8,9,9,9,8,8,8,8,8,7,7,6,6,6,5,5,4,4,3,3,2,2,2,1,1,0,0,0,-1,-1,-2,-2,-2,-3,-3,-4,-4,-4,-5,-5,-6,-6,-6,-7,-7,-7,-8,-8,-8,-8,-8,-8,-9,-9,-9,-8,-8,-8,-8,-8,-7,-7,-7,-6,-6,-6,-5,-5,-4,-4,-3,-3,-2,-1,-1,0,0,1,1,2,3,3,4,4,5,5,6,6,7,7,8,8,9,9,9,10,10,10,10,11,11,11,11,11,11,10,10,10,9,8,8,7,6,5,4,3,2,1,0,-1,-2,-4,-5,-6,-7,-8,-9,-10,-11,-11,-12,-12,-12,-12,-12,-12,-11,-11,-10,-10,-9,-8,-7,-6,-5,-4,-3,-1,0,1,1,2,3,4,4,4,5,5,5,5,5,4,4,3,3,2,2,1,1,0,0,-1,-1,-2,-2,-2,-2,-2,-2,-2,-2,-1,-1,-1,0,0,1,1,2,3,3,4,4,4,5,5,5,5,5,5,5,5,5,5,4,4,4,3,3,2,2,2,1,1,1,0,0,0,0,-1,-1,-1,-1,-1,-2,-2,-2,-2,-2,-2,-2,-3,-3,-3,-3,-3,-3,-3,-3,-3,-4,-4,-3,-3,-3,-3,-3,-3,-3,-2,-2,-2,-1,-1,-1,0,0,0,0,1,1,1,1,1,1,1,0,0,0,0,-1,-1,-1,-2,-2,-2,-2,-3,-3,-3,-2,-2,-2,-1,-1,0,1,2,3,4,5,6,7,8,9,9,10,11,11,11,11,11,10,10,9,8,6,5,3,1,-1,-3,-5,-7,-9,-11,-12,-14,-15,-17,-18,-18,-19,-19,-18,-18,-17,-15,-14,-12,-10,-8,-6,-3,-1,2,4,7,9,11,13,14,16,17,18,18,18,18,18,17,16,15,13,12,10,8,6,4,2,1,-1,-3,-4,-6,-7,-8,-8,-9,-9,-9,-9,-9,-9,-8,-7,-7,-6,-5,-4,-3,-2,-1,0,1,1,2,3,3,4,4,4,4,5,5,5,5,4,4,4,4,3,3,2,2,2,1,1,0,0,-1,-2,-2,-3,-3,-4,-4,-5,-5,-5,-6,-6,-6,-7,-7,-7,-7,-7,-7,-7,-6,-6,-6,-5,-5,-4,-4,-3,-3,-2,-2,-1,-1,0,0,1,1,1,2,2,2,2,2,2,2,2,2,2,2,2,2,2,2,2,2,3,3,3,4,4,5,5,6,7,7,8,8,9,9,10,10,10,11,11,10,10,10,9,9,8,7,6,5,4,2,1,0,-2,-3,-4,-6,-7,-8,-9,-10,-11,-12,-12,-12,-13,-13,-13,-12,-12,-12,-11,-10,-10,-9,-8,-7,-6,-5,-4,-3,-2,-1,-1,0,1,2,2,3,3,4,4,4,4,4,4,4,4,4,4,4,4,4,3,3,3,2,2,2,2,1,1,1,0,0,0,0,-1,-1,-1,-1,-1,-1,-1,0,0,0,0,1,1,2,2,2,3,3,4,4,4,4,4,4,4,4,4,4,4,3,3,2,2,1,1,1,0,0,0,0,-1,-1,-1,0,0,0,0,1,1,1,1,2,2,2,1,1,1,0,-1,-2,-3,-4,-5,-7,-8,-10,-11,-13,-14,-16,-17,-18,-18,-19,-19,-19,-19,-18,-17,-16,-14,-12,-10,-7,-5,-2,1,4,7,10,13,16,18,20,22,24,25,26,26,26,26,25,24,22,21,19,17,14,12,9,7,4,2,0,-2,-4,-6,-8,-9,-10,-11,-11,-12,-12,-11,-11,-11,-10,-9,-8,-7,-6,-5,-5,-4,-3,-2,-1,-1,0,0,1,1,1,1,1,1,1,1,0,0,0,0,0,-1,-1,-1,-1,-1,-1,-1,-1,-1,-1,-1,-1,-1,-1,-1,-1,-1,-1,-1,-1,-1,-1,-1,-2,-2,-2,-2,-2,-3,-3,-3,-4,-4,-4,-4,-5,-5,-5,-5,-5,-5,-5,-5,-5,-5,-4,-4,-4,-3,-3,-2,-1,-1,0,1,2,3,4,5,6,7,8,8,9,10,11,11,12,12,13,13,13,13,13,12,12,11,11,10,9,9,8,7,6,5,4,2,1,0,-1,-2,-3,-4,-5,-5,-6,-7,-8,-8,-9,-9,-10,-10,-10,-10,-10,-10,-10,-10,-10,-10,-10,-9,-9,-9,-8,-8,-7,-7,-6,-6,-5,-5,-4,-3,-3,-2,-1,0,0,1,2,2,3,4,4,5,5,6,6,6,7,7,7,7,7,7,7,7,7,6,6,6,6,5,5,5,5,4,4,4,3,3,3,2,2,2,1,1,1,0,0,0,-1,-1,-2,-2,-2,-3,-3,-3,-4,-4,-4,-5,-5,-5,-5,-5,-6,-6,-6,-5,-5,-5,-5,-5,-5,-4,-4,-4,-3,-3,-2,-2,-2,-1,-1,-1,0,0,0,0,1,1,1,1,1,2,2,2,2,2,2,2,2,2,2,3,3,3,3,3,3,3,3,3,3,3,3,3,3,3,3,4,4,4,4,4,4,4,5,5,5,5,5,5,5,5,5,4,4,4,3,2,2,1,0,-1,-2,-3,-4,-5,-6,-6,-7,-8,-9,-9,-10,-10,-10,-10,-10,-9,-9,-8,-7,-6,-5,-4,-3,-2,0,1,2,3,3,4,4,4,4,4,3,3,2,1,-1,-2,-3,-5,-6,-8,-9,-10,-11,-12,-12,-13,-13,-12,-12,-11,-10,-8,-6,-4,-2,0,3,6,8,11,13,15,17,19,21,22,23,24,24,24,23,22,21,20,18,16,14,12,9,7,4,2,0,-3,-5,-7,-8,-10,-11,-12,-13,-14,-14,-14,-14,-14,-13,-13,-12,-12,-11,-10,-9,-8,-7,-6,-5,-4,-3,-2,-1,-1,0,1,1,2,3,3,3,4,4,4,5,5,5,5,5,4,4,3,3,2,2,1,0,-1,-2,-3,-4,-5,-6,-7,-7,-8,-9,-9,-9,-10,-10,-9,-9,-8,-8,-7,-6,-4,-3,-2,0,1,3,4,5,7,8,9,10,10,11,11,11,11,11,11,10,9,8,8,7,6,4,3,2,1,1,0,-1,-2,-2,-2,-3,-3,-3,-2,-2,-2,-2,-1,-1,0,0,1,1,1,1,1,1,1,1,0,0,-1,-1,-2,-3,-3,-4,-5,-6,-6,-7,-7,-8,-8,-8,-8,-8,-7,-7,-6,-6,-5,-4,-3,-2,-1,0,2,3,4,5,6,7,7,8,9,9,9,9,10,9,9,9,8,8,7,7,6,5,4,3,2,2,1,0,-1,-2,-2,-3,-3,-4,-4,-5,-5,-5,-6,-6,-6,-6,-6,-6,-6,-6,-6,-6,-6,-6,-5,-5,-5,-5,-5,-4,-4,-4,-3,-3,-3,-2,-2,-2,-1,-1,-1,0,0,0,1,1,1,2,2,2,2,3,3,3,3,3,3,3,3,3,4,4,4,4,4,4,4,4,4,4,4,4,5,5,5,5,5,5,5,5,5,5,5,5,5,4,4,4,3,3,2,2,1,0,0,-1,-2,-3,-4,-4,-5,-6,-6,-7,-8,-8,-8,-9,-9,-9,-9,-8,-8,-8,-7,-6,-5,-5,-4,-3,-2,-1,1,1,2,3,4,5,5,5,5,5,5,5,4,3,2,1,0,-1,-2,-4,-5,-6,-8,-9,-10,-10,-11,-11,-12,-11,-11,-10,-10,-8,-7,-5,-4,-2,0,2,5,7,9,11,13,14,16,17,18,19,19,19,19,19,18,17,16,15,13,11,9,7,6,4,2,0,-2,-3,-5,-6,-7,-8,-9,-9,-10,-10,-10,-10,-10,-9,-9,-9,-8,-8,-7,-7,-6,-6,-6,-5,-5,-5,-5,-5,-4,-4,-4,-4,-4,-3,-3,-3,-2,-2,-1,-1,0,1,1,2,3,4,4,5,5,6,6,7,7,7,7,7,6,6,5,5,4,3,2,2,1,0,-1,-2,-3,-4,-4,-5,-5,-6,-6,-6,-6,-6,-6,-6,-6,-6,-5,-5,-4,-4,-4,-3,-3,-2,-2,-1,-1,-1,-1,0,0,0,0,1,1,1,1,2,2,2,2,3,3,3,4,4,5,5,5,6,6,7,7,7,7,8,8,8,8,8,8,7,7,7,6,6,5,5,4,3,3,2,1,0,0,-1,-2,-3,-3,-4,-4,-5,-6,-6,-6,-7,-7,-7,-8,-8,-8,-8,-8,-8,-8,-8,-7,-7,-7,-6,-6,-6,-5,-5,-4,-4,-3,-3,-2,-2,-1,-1,0,0,1,1,1,2,2,2,3,3,3,3,3,3,4,4,4,4,4,4,4,4,4,4,4,4,4,4,4,4,4,4,4,4,4,4,4,4,4,4,4,4,3,3,3,2,2,1,1,0,0,-1,-2,-2,-3,-4,-4,-5,-6,-6,-7,-7,-7,-8,-8,-8,-8,-7,-7,-7,-6,-5,-5,-4,-3,-2,-1,0,2,3,4,5,5,6,7,7,7,7,7,7,7,6,5,4,3,2,0,-1,-3,-4,-6,-7,-8,-10,-11,-11,-12,-13,-13,-13,-12,-12,-11,-10,-8,-7,-5,-3,-1,1,3,5,7,9,11,13,14,16,17,18,18,19,19,19,18,17,16,15,13,12,10,8,6,4,2,0,-2,-3,-5,-7,-8,-9,-10,-11,-12,-12,-13,-13,-13,-12,-12,-12,-11,-10,-10,-9,-8,-7,-7,-6,-5,-4,-3,-3,-2,-1,-1,0,0,1,2,2,3,3,4,4,5,5,6,6,7,7,7,8,8,8,8,8,8,8,7,7,6,6,5,4,4,3,2,1,0,-1,-2,-3,-4,-5,-6,-6,-7,-8,-8,-9,-9,-9,-9,-9,-9,-9,-9,-8,-8,-8,-7,-7,-6,-6,-5,-5,-4,-4,-3,-3,-2,-2,-1,-1,0,0,1,1,2,2,3,3,4,4,5,6,6,7,7,8,9,9,10,10,11,11,11,11,12,12,12,11,11,11,10,10,9,8,7,7,6,4,3,2,1,0,-1,-2,-3,-5,-6,-7,-8,-8,-9,-10,-10,-11,-11,-12,-12,-12,-12,-12,-11,-11,-11,-10,-9,-9,-8,-7,-6,-6,-5,-4,-3,-2,-1,0,1,2,3,3,4,5,5,6,6,6,6,6,6,6,6,6,5,5,4,4,3,3,2,1,1,0,-1,-1,-2,-2,-2,-3,-3,-3,-3,-3,-3,-3,-3,-2,-2,-2,-1,-1,0,0,0,1,1,2,2,2,3,3,3,3,3,3,3,3,3,2,2,2,2,1,1,1,1,1,0,0,0,0,0,0,0,0,1,1,1,1,1,2,2,2,2,2,2,2,2,2,2,2,1,1,1,0,0,-1,-2,-2,-3,-3,-4,-5,-5,-6,-6,-7,-7,-7,-7,-7,-7,-7,-7,-7,-6,-6,-5,-5,-4,-3,-3,-2,-1,0,1,1,2,3,4,4,5,5,5,6,6,6,6,6,6,6,5,5,4,4,4,3,3,2,2,1,1,1,0,0,0,0,0,0,0,0,0,1,1,1,2,2,2,2,3,3,3,4,4,4,4,4,4,4,4,4,4,4,4,4,3,3,3,3,2,2,1,1,0,-1,-1,-2,-3,-4,-5,-6,-7,-8,-9,-10,-11,-13,-14,-15,-16,-17,-17,-18,-18,-18,-19,-18,-18,-17,-16,-15,-14,-12,-10,-8,-6,-4,-2,1,3,6,8,11,13,15,17,19,21,22,23,24,24,25,24,24,23,22,21,20,18,16,15,13,11,9,7,4,3,1,-1,-3,-4,-5,-7,-8,-8,-9,-10,-10,-10,-10,-10,-10,-10,-10,-9,-9,-8,-8,-8,-7,-7,-6,-6,-6,-5,-5,-5,-5,-5,-4,-4,-4,-4,-4,-4,-4,-3,-3,-3,-3,-2,-2,-2,-1,-1,0,0,1,2,2,3,3,4,4,5,5,6,6,6,7,7,7,7,7,6,6,6,5,5,4,3,3,2,1,0,0,-1,-2,-3,-4,-4,-5,-5,-6,-6,-7,-7,-7,-7,-7,-7,-7,-6,-6,-6,-5,-5,-4,-4,-3,-2,-2,-1,-1,0,0,1,1,2,2,3,3,3,4,4,4,4,4,4,5,5,5,5,5,5,5,5,5,6,6,6,6,6,6,6,6,6,6,6,6,5,5,5,5,4,4,3,3,2,2,1,0,-1,-1,-2,-3,-4,-5,-6,-6,-7,-8,-9,-9,-10,-10,-10,-11,-11,-11,-10,-10,-10,-9,-9,-8,-7,-6,-6,-5,-4,-3,-2,-1,0,1,2,3,4,4,5,5,5,5,5,5,5,5,5,4,4,4,3,3,2,2,2,1,1,1,1,1,1,1,1,1,1,2,2,2,3,3,3,4,4,4,4,4,4,4,4,3,3,3,2,1,1,0,-1,-1,-2,-3,-3,-4,-4,-5,-5,-6,-6,-6,-6,-6,-6,-6,-5,-5,-5,-4,-4,-3,-2,-2,-1,-1,0,0,1,1,1,2,2,2,2,2,2,2,2,2,2,2,1,1,1,1,1,1,1,1,1,1,1,1,1,1,1,2,2,2,2,2,3,3,3,3,3,3,3,3,3,3,3,2,2,2,1,1,1,0,0,0,0,-1,-1,-1,-1,-1,-1,-1,0,0,0,1,1,1,2,2,2,2,3,3,3,2,2,2,1,0,-1,-2,-3,-4,-5,-7,-8,-9,-11,-12,-13,-14,-15,-16,-17,-17,-18,-18,-17,-17,-16,-15,-13,-12,-10,-8,-6,-4,-1,1,4,6,8,11,13,15,16,18,19,20,21,21,22,22,21,21,20,19,18,17,15,14,12,11,9,8,6,5,4,2,1,0,-1,-2,-2,-3,-3,-4,-4,-5,-5,-5,-6,-6,-6,-7,-7,-7,-7,-8,-8,-8,-9,-9,-9,-10,-10,-10,-10,-10,-10,-10,-10,-9,-9,-8,-8,-7,-6,-6,-5,-4,-3,-2,-2,-1,0,1,1,2,2,3,3,4,4,4,4,4,4,4,4,4,4,4,4,4,4,4,4,4,4,4,3,3,3,3,3,3,3,3,3,2,2,2,2,1,1,1,0,0,0,-1,-1,-1,-2,-2,-2,-2,-2,-2,-2,-2,-1,-1,-1,0,0,0,1,1,2,2,2,3,3,3,3,3,3,3,2,2,1,1,0,0,-1,-2,-2,-3,-4,-5,-5,-6,-6,-6,-7,-7,-7,-7,-7,-6,-6,-5,-5,-4,-3,-2,-1,-1,0,1,2,3,4,5,5,6,7,7,7,8,8,8,8,8,7,7,7,6,6,5,5,4,3,3,2,1,1,0,0,-1,-2,-2,-3,-3,-4,-4,-4,-5,-5,-5,-5,-6,-6,-6,-6,-6,-5,-5,-5,-5,-4,-4,-4,-3,-3,-2,-2,-1,-1,0,1,1,1,2,2,3,3,3,3,3,3,3,3,2,2,2,1,1,1,0,0,-1,-1,-1,-2,-2,-2,-2,-2,-1,-1,-1,0,1,1,2,3,4,5,6,6,7,8,8,9,9,9,9,9,8,8,7,6,4,3,1,-1,-3,-5,-7,-9,-11,-13,-15,-17,-19,-20,-21,-22,-22,-22,-22,-22,-21,-19,-18,-16,-13,-11,-8,-5,-2,1,4,7,10,13,16,18,21,23,24,25,26,27,27,27,26,25,24,22,20,18,15,13,10,8,5,3,0,-2,-4,-6,-8,-10,-11,-12,-13,-13,-13,-13,-13,-12,-12,-11,-10,-9,-8,-7,-6,-5,-4,-3,-2,-2,-1,-1,0,0,0,0,0,0,-1,-1,-1,-2,-2,-2,-2,-3,-3,-3,-3,-3,-2,-2,-2,-1,-1,0,0,1,1,2,2,3,3,3,3,4,4,4,3,3,3,2,2,1,1,0,0,-1,-2,-2,-3,-3,-4,-4,-4,-5,-5,-5,-5,-5,-5,-4,-4,-4,-3,-3,-2,-1,-1,0,0,1,1,2,2,3,3,3,4,4,4,4,4,4,4,4,4,4,4,4,4,4,4,4,4,4,3,3,3,3,4,4,4,4,4,4,4,4,4,5,5,5,5,5,5,5,4,4,4,3,3,2,2,1,0,-1,-2,-3,-4,-5,-6,-8,-9,-10,-11,-12,-13,-14,-14,-15,-15,-16,-16,-16,-15,-15,-14,-14,-13,-12,-10,-9,-8,-6,-4,-3,-1,1,3,4,6,8,9,10,12,13,13,14,15,15,15,15,15,15,14,13,12,12,11,9,8,7,6,5,4,2,1,0,-1,-1,-2,-3,-3,-4,-4,-4,-4,-4,-4,-4,-4,-4,-3,-3,-2,-2,-2,-1,-1,-1,-1,0,0,0,0,-1,-1,-1,-1,-2,-2,-3,-3,-3,-4,-4,-5,-5,-6,-6,-6,-7,-7,-7,-7,-6,-6,-6,-6,-5,-4,-4,-3,-2,-2,-1,0,1,2,2,3,4,4,5,6,6,6,7,7,7,7,7,7,7,7,7,6,6,6,5,5,4,4,4,3,3,2,2,1,1,0,0,-1,-1,-1,-2,-2,-2,-3,-3,-3,-3,-3,-3,-3,-4,-4,-4,-3,-3,-3,-3,-3,-3,-3,-2,-2,-2,-2,-2,-1,-1,-1,-1,-1,-1,0,0,0,0,0,-1,-1,-1,-1,-1,-1,-1,-1,-2,-2,-2,-2,-2,-2,-2,-2,-2,-2,-1,-1,-1,-1,0,0,0,1,1,2,2,2,3,3,3,4,4,4,4,4,5,5,5,4,4,4,4,4,3,3,3,2,2,1,1,1,0,0,-1,-1,-1,-1,-2,-2,-2,-2,-2,-2,-2,-2,-1,-1,-1,0,0,0,1,1,1,2,2,2,2,2,2,2,2,1,1,1,0,-1,-1,-2,-3,-4,-4,-5,-6,-6,-7,-7,-7,-7,-7,-7,-7,-6,-5,-5,-3,-2,-1,0,2,3,4,6,7,8,9,9,10,10,10,10,9,9,8,7,5,4,2,0,-2,-4,-6,-7,-9,-11,-12,-13,-14,-15,-15,-15,-14,-14,-13,-12,-10,-8,-6,-4,-2,0,2,4,6,8,10,12,13,14,15,15,15,15,15,14,13,12,11,9,7,6,4,2,0,-1,-3,-4,-5,-7,-7,-8,-8,-9,-9,-8,-8,-7,-7,-6,-5,-4,-3,-1,0,1,2,3,4,5,5,6,7,7,7,7,7,7,7,7,6,6,5,5,4,4,3,3,2,1,1,0,0,-1,-1,-2,-2,-3,-3,-4,-4,-5,-5,-5,-6,-6,-7,-7,-7,-8,-8,-8,-8,-8,-8,-9,-9,-8,-8,-8,-8,-8,-7,-7,-6,-6,-5,-5,-4,-4,-3,-2,-2,-1,0,0,1,2,2,3,3,4,4,5,5,6,6,6,6,7,7,7,7,7,8,8,8,8,8,8,8,8,8,8,8,8,8,7,7,7,6,6,5,5,4,3,3,2,1,0,-1,-1,-2,-3,-4,-5,-5,-6,-6,-7,-7,-7,-7,-7,-7,-7,-7,-6,-6,-5,-4,-4,-3,-2,-2,-1,0,0,1,1,2,2,2,2,2,2,2,1,1,1,0,-1,-1,-2,-2,-3,-4,-4,-5,-5,-5,-6,-6,-6,-6,-6,-6,-6,-5,-5,-5,-4,-4,-3,-3,-3,-2,-2,-1,-1,0,0,1,1,2,2,3,3,4,4,5,5,6,6,7,7,8,9,9,9,10,10,11,11,11,11,11,11,11,10,10,10,9,8,8,7,6,5,4,3,2,1,0,-1,-2,-3,-4,-5,-6,-6,-7,-8,-9,-10,-10,-11,-12,-13,-13,-14,-14,-15,-16,-16,-16,-17,-17,-17,-17,-17,-17,-16,-16,-15,-14,-13,-12,-11,-9,-8,-6,-4,-2,0,2,4,6,8,10,12,14,16,17,18,19,20,21,21,21,21,21,21,20,19,19,18,17,16,14,13,12,11,10,9,8,7,6,5,5,4,3,3,2,1,1,0,0,-1,-2,-3,-3,-4,-5,-6,-8,-9,-10,-11,-12,-14,-15,-16,-17,-18,-19,-20,-21,-21,-22,-22,-22,-22,-21,-21,-20,-19,-18,-17,-15,-14,-12,-11,-9,-7,-5,-4,-2,0,2,4,5,7,8,10,11,12,13,14,15,16,17,17,18,18,19,19,19,19,19,19,19,18,18,17,17,16,15,14,13,12,11,10,9,8,6,5,4,2,1,0,-2,-3,-4,-5,-7,-8,-9,-10,-11,-12,-13,-13,-14,-15,-15,-15,-16,-16,-16,-16,-15,-15,-15,-14,-14,-13,-13,-12,-11,-10,-9,-8,-7,-6,-5,-4,-3,-2,-1,0,1,2,3,4,5,6,7,8,8,9,10,10,11,11,12,12,12,12,12,12,12,12,11,11,10,10,9,8,7,6,5,4,3,1,0,-1,-2,-3,-5,-6,-6,-7,-8,-8,-9,-9,-9,-8,-8,-7,-7,-6,-5,-3,-2,-1,1,2,3,4,5,6,7,8,8,8,7,7,6,5,4,2,0,-2,-4,-6,-8,-10,-12,-14,-16,-17,-19,-20,-20,-20,-20,-20,-19,-17,-15,-13,-11,-8,-6,-3,0,4,7,10,12,15,17,19,21,22,23,23,23,23,22,21,19,18,16,13,11,9,6,4,1,-1,-3,-5,-6,-8,-9,-10,-10,-10,-10,-10,-9,-8,-7,-6,-5,-4,-3,-1,0,1,2,3,3,4,4,4,4,4,4,4,3,2,2,1,1,0,-1,-1,-2,-2,-2,-3,-3,-3,-3,-2,-2,-2,-2,-1,-1,-1,0,0,0,0,0,-1,-1,-1,-2,-2,-3,-4,-4,-5,-6,-7,-7,-8,-8,-9,-9,-10,-10,-10,-10,-9,-9,-8,-8,-7,-6,-5,-4,-3,-2,0,1,2,3,4,5,6,7,8,9,9,10,10,11,11,11,11,11,11,11,11,11,11,11,10,10,10,10,9,9,9,8,8,7,7,6,5,5,4,3,2,1,0,-1,-2,-4,-5,-6,-7,-8,-9,-10,-11,-12,-13,-14,-14,-14,-15,-15,-15,-14,-14,-13,-12,-12,-11,-10,-8,-7,-6,-5,-3,-2,-1,1,2,3,4,5,6,7,7,8,8,9,9,9,9,9,8,8,8,7,7,6,5,5,4,3,3,2,1,1,0,0,-1,-1,-2,-2,-2,-2,-3,-3,-3,-3,-3,-2,-2,-2,-2,-2,-1,-1,-1,0,0,0,1,1,1,1,2,2,2,2,2,2,2,2,2,2,3,3,3,3,3,3,4,4,4,4,4,5,5,5,5,5,5,4,4,4,3,2,1,0,-1,-3,-4,-6,-8,-9,-11,-13,-15,-16,-18,-19,-21,-21,-22,-22,-23,-22,-22,-21,-19,-18,-16,-14,-11,-8,-5,-2,1,4,7,10,13,16,19,21,23,25,26,27,28,28,28,27,26,25,23,21,19,17,15,12,10,7,5,2,0,-2,-4,-6,-7,-8,-9,-10,-10,-11,-11,-10,-10,-10,-9,-9,-8,-7,-7,-6,-5,-5,-4,-3,-3,-3,-3,-2,-2,-2,-2,-2,-2,-2,-3,-3,-3,-3,-3,-3,-3,-3,-3,-3,-2,-2,-2,-1,-1,-1,0,0,0,0,1,1,1,1,1,1,1,1,1,1,0,0,0,-1,-1,-1,-2,-2,-2,-3,-3,-3,-3,-4,-4,-4,-4,-4,-4,-4,-3,-3,-3,-2,-2,-1,-1,0,0,1,1,2,2,3,4,4,5,5,6,6,7,7,8,8,8,8,8,8,8,8,8,8,7,7,6,6,5,4,3,3,2,1,0,-1,-2,-2,-3,-4,-4,-5,-5,-6,-6,-6,-6,-6,-6,-6,-5,-5,-5,-4,-3,-3,-2,-2,-1,0,0,0,1,1,1,1,1,1,1,1,1,1,0,0,0,-1,-1,-1,-1,-1,-1,-1,-1,0,0,1,1,2,3,3,4,5,5,6,6,6,6,6,6,5,5,4,2,1,-1,-2,-4,-6,-8,-10,-12,-14,-16,-18,-19,-20,-21,-22,-22,-21,-21,-20,-18,-16,-14,-12,-9,-6,-3,0,4,7,10,14,17,19,22,24,26,27,28,28,28,28,27,26,24,23,20,18,15,12,10,7,4,1,-2,-4,-6,-8,-10,-12,-13,-14,-14,-15,-15,-14,-14,-13,-12,-11,-10,-8,-7,-5,-4,-3,-1,0,1,2,3,4,5,5,5,6,6,5,5,5,4,4,3,2,2,1,0,-1,-2,-2,-3,-4,-5,-5,-6,-6,-7,-8,-8,-8,-9,-9,-9,-9,-9,-9,-9,-9,-9,-9,-9,-8,-8,-7,-7,-6,-6,-5,-4,-4,-3,-2,-1,0,1,2,3,4,5,6,7,8,9,10,11,12,12,13,14,14,14,15,15,15,15,15,15,14,14,13,12,12,11,10,9,8,6,5,4,3,1,0,-1,-2,-3,-5,-6,-7,-8,-9,-9,-10,-11,-11,-12,-12,-13,-13,-13,-13,-13,-13,-13,-12,-12,-12,-11,-11,-10,-9,-9,-8,-7,-6,-6,-5,-4,-3,-2,-1,-1,0,1,2,2,3,3,4,4,5,5,6,6,6,6,7,7,7,7,7,7,7,7,7,7,7,7,6,6,6,6,6,6,5,5,5,4,4,4,4,3,3,3,2,2,2,1,1,1,0,0,0,0,-1,-1,-1,-1,-1,-2,-2,-2,-2,-3,-3,-3,-3,-4,-4,-4,-5,-5,-5,-6,-6,-6,-6,-6,-6,-6,-5,-5,-4,-4,-3,-2,-1,-1,0,1,2,3,4,5,6,6,6,7,7,6,6,5,4,3,1,0,-2,-4,-6,-8,-10,-12,-14,-16,-18,-19,-20,-21,-22,-22,-21,-20,-19,-17,-15,-13,-10,-7,-4,0,4,8,11,15,19,22,25,28,31,33,35,36,36,36,36,35,33,31,29,26,23,20,16,12,8,5,1,-3,-6,-10,-13,-16,-18,-20,-22,-23,-24,-25,-25,-25,-24,-23,-23,-21,-20,-19,-17,-15,-14,-12,-11,-9,-8,-7,-5,-4,-3,-2,-2,-1,0,0,1,1,2,2,3,4,4,5,5,6,7,8,9,9,10,11,12,12,13,13,14,14,14,14,14,13,13,12,11,10,9,8,6,5,3,2,0,-1,-3,-5,-6,-8,-9,-10,-11,-12,-13,-14,-14,-15,-15,-15,-15,-15,-15,-15,-14,-14,-13,-13,-12,-11,-10,-9,-8,-8,-7,-6,-5,-4,-3,-1,0,1,2,3,4,5,6,7,8,9,10,10,11,12,12,13,14,14,14,15,15,15,15,15,14,14,14,13,13,12,12,11,10,9,8,7,7,6,5,4,3,2,1,0,-1,-2,-3,-4,-5,-6,-7,-8,-9,-10,-11,-11,-12,-13,-13,-14,-14,-15,-15,-15,-15,-15,-15,-15,-15,-14,-14,-13,-12,-12,-11,-10,-9,-8,-7,-6,-5,-3,-2,-1,0,1,3,4,5,6,7,8,9,9,10,11,11,12,12,13,13,13,13,13,13,13,12,12,11,11,10,10,9,8,7,6,5,5,4,3,2,1,0,-1,-2,-2,-3,-4,-4,-5,-5,-6,-6,-6,-6,-6,-6,-6,-6,-6,-6,-6,-5,-5,-5,-5,-4,-4,-4,-4,-3,-3,-3,-3,-3,-3,-3,-3,-3,-2,-2,-3,-3,-3,-3,-3,-3,-3,-2,-2,-2,-2,-2,-2,-2,-1,-1,-1,0,0,0,1,1,2,2,3,3,4,4,5,5,6,6,6,7,7,7,7,7,7,7,7,6,6,5,5,4,4,3,2,2,1,0,-1,-1,-2,-2,-3,-3,-4,-4,-4,-4,-4,-3,-3,-3,-2,-2,-1,0,0,1,2,2,3,3,4,4,4,4,4,3,3,2,1,0,-1,-2,-4,-5,-6,-8,-9,-10,-11,-12,-13,-13,-14,-14,-14,-14,-13,-12,-11,-10,-9,-7,-5,-3,-1,1,3,4,6,8,9,11,12,13,14,14,14,14,14,13,13,12,11,9,8,7,5,4,2,1,0,-2,-3,-4,-4,-5,-5,-6,-6,-6,-6,-5,-5,-4,-4,-3,-2,-2,-1,0,0,1,1,2,2,2,3,3,3,3,3,3,3,3,3,3,3,3,3,4,4,4,4,5,5,5,5,6,6,6,6,6,5,5,4,4,3,2,1,0,-1,-3,-4,-6,-7,-8,-10,-11,-12,-13,-14,-15,-16,-16,-17,-17,-17,-16,-16,-15,-15,-14,-13,-12,-10,-9,-8,-6,-5,-4,-3,-1,0,1,2,3,4,5,5,6,7,7,8,8,9,9,10,10,10,11,12,12,13,13,14,14,15,16,16,16,17,17,17,17,17,16,16,15,14,13,12,11,9,7,6,4,2,0,-2,-4,-6,-8,-10,-12,-14,-15,-17,-18,-19,-20,-20,-21,-21,-21,-20,-20,-19,-18,-17,-16,-15,-13,-12,-11,-9,-8,-6,-5,-4,-2,-1,0,1,2,2,3,4,4,5,5,5,5,6,6,6,6,6,6,7,7,7,7,8,8,8,9,9,9,10,10,10,11,11,11,11,11,11,11,10,10,9,9,8,7,6,5,3,2,1,-1,-2,-4,-5,-7,-8,-9,-10,-12,-12,-13,-14,-14,-15,-15,-15,-14,-14,-13,-12,-11,-10,-9,-8,-7,-5,-4,-3,-1,0,1,2,3,4,5,5,6,6,7,7,7,7,7,6,6,6,6,6,5,5,5,5,5,5,5,5,5,5,5,6,6,6,6,6,5,5,5,4,4,3,2,1,0,-2,-3,-5,-6,-8,-9,-11,-12,-13,-15,-16,-16,-17,-17,-17,-17,-17,-16,-15,-13,-12,-10,-8,-6,-4,-2,0,3,5,7,9,11,13,14,16,17,17,18,18,18,18,17,17,16,15,14,13,11,10,8,7,6,4,3,2,1,0,-1,-2,-3,-3,-4,-4,-4,-4,-5,-5,-5,-5,-5,-5,-5,-5,-5,-5,-5,-5,-5,-5,-5,-5,-5,-5,-5,-6,-5,-5,-5,-5,-5,-5,-5,-5,-4,-4,-4,-3,-3,-3,-3,-2,-2,-2,-1,-1,-1,0,0,0,0,1,1,1,1,2,2,2,2,2,2,3,3,3,3,3,3,3,2,2,2,2,1,1,1,0,0,0,-1,-1,-1,-2,-2,-2,-2,-2,-2,-2,-2,-2,-2,-1,-1,0,0,1,1,2,3,3,4,4,5,5,5,6,6,6,6,6,6,6,5,5,5,4,4,3,3,2,2,2,1,1,1,0,0,0,0,0,0,0,0,0,0,0,0,0,0,-1,-1,-1,-1,-2,-2,-3,-3,-4,-4,-5,-5,-5,-6,-6,-7,-7,-7,-7,-7,-7,-7,-7,-7,-6,-6,-5,-5,-4,-4,-3,-3,-2,-2,-1,-1,0,0,0,0,0,1,1,1,1,1,0,0,0,1,1,1,1,1,2,2,3,3,4,5,6,7,8,8,9,10,11,12,12,12,13,13,13,13,12,12,11,10,9,8,7,6,4,3,2,0,-1,-2,-4,-5,-6,-7,-8,-8,-9,-9,-10,-10,-10,-10,-10,-10,-10,-11,-11,-11,-11,-11,-11,-12,-12,-13,-13,-14,-14,-14,-15,-15,-15,-15,-15,-15,-14,-13,-12,-11,-9,-8,-6,-4,-1,1,4,7,10,12,15,18,20,22,24,26,28,29,30,30,30,30,29,28,27,25,23,21,19,16,13,11,8,5,2,-1,-3,-5,-8,-10,-11,-13,-14,-15,-16,-17,-17,-17,-17,-17,-16,-16,-15,-14,-14,-13,-12,-11,-11,-10,-9,-8,-8,-7,-7,-6,-6,-5,-5,-4,-4,-4,-3,-3,-2,-2,-1,-1,0,1,1,2,2,3,4,4,5,5,6,6,7,7,7,7,8,8,8,7,7,7,7,6,6,6,5,5,4,3,3,2,2,1,0,0,-1,-1,-2,-2,-3,-3,-4,-4,-4,-4,-5,-5,-5,-5,-5,-5,-5,-4,-4,-4,-3,-3,-2,-2,-1,0,0,1,1,2,3,3,4,4,5,5,5,5,5,5,5,5,4,4,3,2,2,1,0,0,-1,-2,-3,-4,-4,-5,-5,-6,-6,-6,-6,-6,-6,-6,-6,-5,-5,-4,-3,-3,-2,-1,0,1,2,3,4,5,6,6,7,8,8,8,9,9,9,9,9,8,8,7,7,6,5,4,3,2,1,0,-1,-2,-2,-3,-4,-5,-6,-6,-7,-7,-7,-7,-7,-7,-7,-7,-6,-6,-6,-5,-4,-4,-3,-3,-2,-2,-1,-1,-1,-1,0,0,0,0,0,-1,-1,-1,-1,-1,-1,-1,-1,-1,-1,-1,0,0,1,1,2,3,3,4,5,6,7,7,8,8,8,8,8,8,7,6,5,4,3,1,0,-2,-4,-6,-8,-9,-11,-12,-14,-15,-16,-16,-16,-16,-16,-15,-14,-13,-11,-9,-7,-4,-2,1,4,6,9,11,14,16,17,19,20,21,21,21,21,21,20,18,17,15,13,11,9,6,4,2,-1,-3,-5,-7,-8,-10,-11,-12,-12,-13,-13,-13,-12,-12,-11,-10,-9,-8,-7,-6,-5,-4,-3,-2,-1,0,1,2,2,3,3,4,4,4,4,4,4,4,4,4,4,4,3,3,3,3,2,2,2,1,1,0,0,-1,-1,-2,-2,-3,-3,-4,-4,-5,-5,-6,-6,-7,-7,-8,-8,-8,-8,-8,-8,-8,-8,-8,-8,-8,-7,-7,-7,-6,-6,-5,-5,-4,-4,-3,-2,-2,-1,0,1,2,3,4,5,6,7,8,9,10,11,13,14,15,16,17,17,18,19,19,19,19,19,18,18,17,16,15,13,12,10,8,6,4,1,-1,-3,-5,-7,-9,-11,-13,-14,-16,-17,-18,-19,-20,-20,-20,-20,-20,-19,-19,-18,-17,-16,-15,-14,-13,-11,-10,-9,-8,-7,-5,-4,-3,-2,-1,0,1,1,2,3,4,5,5,6,7,8,9,9,10,11,12,13,13,14,15,15,15,16,16,16,16,15,15,14,13,12,11,9,8,6,4,3,1,-1,-3,-5,-7,-9,-11,-12,-14,-15,-16,-17,-18,-18,-18,-18,-18,-17,-16,-15,-14,-13,-11,-9,-8,-6,-4,-2,-1,1,2,4,5,6,7,8,9,10,10,10,10,10,10,10,10,10,9,9,9,9,8,8,8,8,8,8,9,9,9,9,9,10,10,10,9,9,8,8,6,5,4,2,0,-2,-5,-7,-10,-13,-16,-19,-22,-24,-27,-29,-31,-32,-34,-34,-35,-34,-34,-33,-31,-29,-26,-23,-19,-15,-11,-7,-2,3,7,12,16,20,24,27,30,33,35,36,37,38,37,37,36,34,32,29,27,24,21,17,14,11,8,5,2,0,-3,-5,-6,-8,-9,-9,-10,-10,-10,-9,-9,-8,-7,-7,-6,-5,-4,-4,-3,-3,-3,-3,-3,-3,-4,-4,-5,-6,-7,-8,-9,-10,-10,-11,-12,-13,-13,-14,-14,-14,-14,-13,-13,-12,-12,-11,-10,-9,-8,-7,-5,-4,-3,-2,-1,0,1,2,2,3,3,4,4,5,5,5,6,6,6,6,7,7,7,8,8,8,9,9,10,10,11,11,12,12,13,13,13,13,13,13,13,12,12,11,10,9,8,7,5,4,2,1,-1,-3,-4,-6,-7,-9,-10,-11,-12,-13,-14,-15,-15,-16,-16,-16,-16,-15,-15,-14,-14,-13,-12,-11,-10,-9,-8,-7,-6,-5,-4,-3,-2,-1,-1,0,1,1,2,2,3,4,4,5,5,6,6,7,8,8,9,10,11,11,12,13,13,14,14,15,15,15,15,15,15,14,13,13,11,10,9,7,6,4,2,1,-1,-3,-5,-7,-8,-10,-11,-13,-14,-15,-16,-16,-17,-17,-17,-17,-16,-16,-15,-14,-13,-12,-11,-10,-9,-8,-7,-6,-5,-4,-3,-2,-1,-1,0,1,1,1,2,2,2,3,3,3,3,4,4,4,5,5,6,6,7,7,8,8,9,9,10,10,10,11,11,11,11,11,11,10,10,9,9,8,7,6,5,4,3,2,1,-1,-2,-3,-4,-5,-6,-7,-8,-8,-9,-9,-10,-10,-10,-10,-10,-10,-9,-9,-8,-8,-7,-7,-6,-5,-4,-4,-3,-2,-2,-1,0,0,1,1,2,2,3,3,3,3,4,4,4,4,4,4,4,4,4,3,3,3,3,3,3,2,2,2,2,2,1,1,1,0,0,0,-1,-1,-2,-2,-2,-3,-3,-4,-4,-4,-5,-5,-5,-5,-5,-5,-5,-5,-5,-4,-4,-3,-3,-2,-1,-1,0,1,2,3,4,5,6,7,8,8,9,10,10,10,11,11,11,10,10,10,9,8,7,7,6,5,3,2,1,0,-1,-2,-3,-4,-4,-5,-5,-6,-6,-6,-6,-6,-6,-6,-6,-6,-6,-5,-5,-5,-5,-5,-5,-5,-5,-6,-6,-7,-7,-8,-9,-10,-10,-11,-12,-12,-12,-13,-13,-13,-12,-12,-11,-10,-9,-7,-6,-4,-2,0,3,5,7,10,12,14,16,18,20,22,23,24,25,25,25,25,24,23,22,21,19,17,15,13,11,8,6,4,1,-1,-3,-5,-7,-9,-10,-12,-13,-14,-15,-15,-16,-16,-16,-16,-15,-15,-15,-14,-13,-12,-12,-11,-10,-9,-8,-7,-6,-5,-4,-3,-3,-2,-1,0,0,1,1,2,2,3,3,4,4,4,4,5,5,5,5,5,5,5,5,5,6,6,6,6,6,6,6,5,5,5,5,5,5,4,4,3,3,2,1,1,0,-1,-2,-3,-4,-4,-5,-6,-7,-8,-8,-9,-9,-10,-10,-10,-10,-10,-9,-9,-8,-7,-6,-5,-4,-3,-2,-1,1,2,3,5,6,7,8,8,9,10,10,10,10,10,10,10,9,9,8,7,6,5,5,4,3,2,1,0,0,-1,-2,-2,-3,-3,-3,-4,-4,-4,-4,-4,-4,-4,-4,-3,-3,-3,-3,-3,-3,-2,-2,-2,-2,-2,-2,-1,-1,-1,-1,-1,0,0,0,1,1,1,2,2,2,3,3,3,3,4,4,4,4,4,4,4,3,3,3,2,2,1,0,0,-1,-2,-3,-3,-4,-5,-5,-6,-7,-7,-8,-8,-8,-9,-9,-9,-9,-8,-8,-8,-7,-7,-6,-5,-4,-3,-3,-2,-1,0,1,2,3,4,5,5,6,7,7,8,8,8,8,8,8,8,8,8,7,7,7,6,5,5,4,4,3,3,2,2,1,1,1,0,0,0,0,0,0,0,0,0,0,0,0,0,0,0,0,0,0,0,0,0,0,-1,-1,-1,-2,-2,-2,-3,-3,-4,-4,-5,-5,-6,-6,-6,-6,-7,-7,-7,-7,-7,-7,-7,-6,-6,-6,-5,-5,-5,-4,-4,-3,-2,-2,-1,-1,0,0,1,2,2,2,3,3,4,4,4,5,5,5,5,5,5,5,6,6,6,6,6,6,6,6,5,5,5,5,5,5,5,4,4,4,4,3,3,2,2,2,1,1,1,0,0,-1,-1,-1,-2,-2,-2,-3,-3,-3,-4,-4,-4,-4,-4,-4,-4,-4,-4,-4,-4,-4,-4,-4,-4,-4,-4,-4,-4,-4,-4,-4,-4,-4,-4,-3,-3,-3,-3,-3,-3,-2,-2,-2,-1,-1,-1,0,0,1,1,2,2,3,4,4,4,5,5,6,6,6,6,6,6,6,6,5,5,4,4,3,3,2,1,1,0,0,-1,-1,-2,-2,-2,-2,-2,-2,-1,-1,-1,0,1,1,2,2,3,4,4,4,5,5,5,5,4,4,3,2,1,0,-1,-3,-4,-6,-7,-9,-10,-12,-13,-14,-15,-16,-16,-17,-16,-16,-16,-15,-14,-12,-10,-9,-7,-4,-2,0,3,5,7,10,12,14,15,17,18,19,20,20,20,20,20,19,18,17,16,14,13,11,9,7,5,3,2,0,-2,-4,-5,-7,-8,-9,-10,-11,-12,-12,-13,-13,-13,-13,-13,-13,-12,-12,-11,-11,-10,-9,-8,-7,-6,-5,-4,-3,-1,0,1,3,4,5,6,7,8,9,9,10,10,11,11,11,10,10,9,9,8,7,6,5,3,2,1,0,-2,-3,-4,-5,-6,-7,-7,-8,-9,-9,-9,-9,-9,-9,-9,-8,-8,-7,-7,-6,-6,-5,-5,-4,-4,-3,-3,-3,-2,-2,-2,-2,-1,-1,-1,0,0,0,1,1,2,2,3,4,5,5,6,7,8,9,10,11,12,12,13,14,14,14,14,14,14,14,13,12,12,10,9,8,6,5,3,2,0,-2,-4,-5,-7,-9,-10,-11,-12,-13,-14,-15,-16,-16,-16,-16,-16,-16,-15,-14,-14,-13,-12,-11,-10,-9,-7,-6,-5,-4,-3,-2,-1,0,1,2,3,4,4,5,6,6,7,7,7,8,8,8,8,8,8,8,9,9,9,8,8,8,8,8,8,8,8,7,7,7,6,6,5,5,4,4,3,2,2,1,0,-1,-2,-3,-3,-4,-5,-6,-7,-8,-9,-10,-10,-11,-11,-12,-12,-12,-13,-13,-13,-12,-12,-12,-11,-10,-9,-9,-8,-7,-5,-4,-3,-2,-1,0,2,3,4,5,6,7,7,8,9,9,9,10,10,10,10,10,9,9,9,8,8,7,7,6,6,5,5,4,4,3,3,2,2,2,1,1,1,1,1,1,1,1,1,1,1,1,1,1,1,1,1,1,1,1,0,0,0,0,-1,-1,-2,-2,-3,-3,-4,-5,-6,-6,-7,-8,-9,-9,-10,-11,-11,-12,-12,-12,-12,-12,-12,-12,-11,-10,-10,-9,-8,-7,-5,-4,-3,-1,0,2,3,4,6,7,8,9,10,11,11,12,12,12,12,12,12,12,11,10,10,9,8,7,6,6,5,4,3,2,2,1,0,0,-1,-1,-2,-2,-2,-2,-3,-3,-3,-3,-3,-3,-3,-3,-3,-3,-3,-3,-3,-3,-3,-3,-3,-3,-3,-3,-3,-3,-3,-3,-3,-3,-2,-2,-2,-2,-1,-1,0,0,1,1,2,2,3,4,4,5,5,6,7,7,8,8,8,9,9,9,9,8,8,7,6,5,4,2,1,-1,-3,-5,-7,-9,-12,-14,-16,-18,-20,-21,-23,-24,-25,-26,-26,-26,-25,-24,-23,-22,-20,-17,-15,-12,-9,-5,-2,1,5,8,12,15,18,21,23,26,27,29,30,30,31,30,30,29,28,26,24,22,20,18,15,13,10,8,5,3,1,-1,-3,-5,-6,-7,-8,-9,-10,-10,-10,-10,-10,-10,-10,-10,-9,-9,-9,-8,-8,-8,-7,-7,-7,-6,-6,-6,-6,-6,-5,-5,-5,-5,-5,-4,-4,-4,-3,-3,-3,-2,-2,-2,-1,-1,-1,0,0,0,0,0,0,0,0,0,0,0,-1,-1,-1,-1,-2,-2,-2,-2,-2,-2,-2,-2,-2,-2,-1,-1,-1,0,0,1,1,2,3,3,3,4,4,5,5,5,5,5,5,4,4,4,3,3,2,1,1,0,0,-1,-2,-2,-2,-3,-3,-3,-3,-3,-3,-2,-2,-1,-1,0,1,2,3,4,5,6,7,8,9,9,10,10,11,11,11,11,11,10,9,9,8,7,5,4,3,1,0,-2,-3,-5,-6,-8,-9,-10,-11,-12,-13,-13,-14,-14,-14,-14,-13,-13,-12,-12,-11,-10,-9,-8,-7,-6,-5,-4,-3,-2,-1,-1,0,1,1,2,2,2,2,3,3,3,3,3,3,3,3,3,3,4,4,4,4,5,5,5,6,6,7,7,7,8,8,8,9,9,9,9,9,9,9,8,8,8,7,6,6,5,4,3,2,1,0,-1,-2,-3,-4,-5,-6,-7,-8,-9,-10,-11,-11,-12,-12,-13,-13,-13,-13,-13,-12,-11,-11,-10,-9,-7,-6,-5,-3,-2,0,1,2,4,5,6,7,8,8,8,8,8,8,7,6,5,4,3,1,0,-2,-3,-5,-6,-7,-8,-9,-9,-10,-10,-9,-9,-8,-7,-5,-4,-2,0,2,4,7,9,11,13,15,16,17,18,19,20,20,19,19,18,17,15,13,11,9,7,4,2,0,-3,-5,-7,-9,-11,-13,-14,-15,-16,-17,-17,-17,-17,-17,-17,-16,-15,-14,-13,-12,-10,-9,-8,-6,-5,-3,-2,-1,1,2,3,4,5,6,7,8,9,9,10,10,11,11,12,12,12,12,12,11,11,11,10,9,9,8,7,6,4,3,2,1,-1,-2,-3,-5,-6,-7,-8,-9,-10,-11,-12,-12,-13,-13,-13,-13,-13,-13,-13,-12,-12,-11,-10,-10,-9,-8,-7,-6,-5,-4,-3,-2,-1,0,1,2,2,3,4,5,5,6,6,7,7,8,8,9,9,9,9,10,10,10,10,10,10,10,10,10,10,9,9,9,9,8,8,7,7,6,5,5,4,3,2,1,0,-1,-1,-2,-3,-4,-5,-6,-7,-7,-8,-9,-9,-10,-10,-10,-10,-10,-10,-10,-10,-9,-9,-8,-8,-7,-6,-6,-5,-4,-3,-3,-2,-1,-1,0,0,1,1,1,1,1,2,2,2,2,2,2,2,2,2,2,2,2,2,2,2,3,3,3,4,4,4,5,5,5,6,6,6,6,6,6,6,5,5,5,4,3,3,2,1,0,0,-1,-2,-3,-3,-4,-5,-5,-5,-6,-6,-6,-6,-6,-6,-6,-5,-5,-5,-4,-4,-3,-3,-2,-1,-1,0,0,1,1,1,2,2,2,2,2,2,2,2,2,2,2,2,2,2,2,2,2,2,2,2,2,2,2,2,2,2,2,2,2,2,2,2,2,2,2,1,1,1,1,1,1,0,0,0,-1,-1,-2,-2,-3,-3,-4,-4,-5,-5,-6,-6,-7,-7,-8,-8,-8,-8,-8,-8,-8,-8,-7,-7,-6,-6,-5,-4,-3,-2,-1,0,1,2,3,5,6,7,8,9,10,10,11,11,12,12,12,12,12,12,12,11,11,10,10,9,8,7,7,6,5,4,3,2,2,1,0,-1,-1,-2,-2,-3,-3,-4,-4,-5,-5,-5,-6,-6,-6,-6,-7,-7,-7,-7,-7,-8,-8,-8,-8,-8,-8,-8,-8,-8,-8,-8,-8,-8,-8,-7,-7,-7,-6,-6,-5,-5,-4,-4,-3,-3,-2,-2,-1,0,0,1,1,2,2,3,3,4,4,5,5,6,6,6,7,7,7,7,8,8,8,8,8,8,8,8,8,8,8,8,8,8,7,7,7,6,6,6,5,5,4,4,3,3,2,1,0,0,-1,-2,-2,-3,-4,-5,-5,-6,-7,-7,-8,-9,-9,-9,-10,-10,-10,-10,-10,-10,-10,-10,-9,-9,-8,-8,-7,-6,-6,-5,-4,-4,-3,-2,-1,-1,0,0,1,1,2,2,3,3,3,4,4,4,5,5,5,6,6,7,7,8,9,9,10,10,11,12,12,12,13,13,13,12,12,11,11,10,8,7,5,4,2,0,-3,-5,-7,-9,-11,-13,-15,-17,-18,-20,-21,-21,-22,-22,-22,-21,-20,-19,-17,-16,-14,-11,-9,-7,-4,-2,1,3,5,7,9,11,12,13,14,15,15,15,14,14,13,12,11,10,8,7,5,4,2,1,0,-2,-3,-3,-4,-4,-5,-5,-4,-4,-4,-3,-2,-1,0,1,2,3,4,6,7,8,9,9,10,11,11,11,11,11,11,11,11,10,9,8,7,6,5,4,3,2,0,-1,-2,-4,-5,-6,-7,-9,-10,-11,-12,-12,-13,-14,-14,-15,-15,-15,-15,-15,-15,-15,-14,-14,-13,-13,-12,-11,-11,-10,-9,-9,-8,-7,-7,-6,-5,-5,-4,-4,-3,-3,-3,-2,-2,-2,-1,-1,0,0,1,1,2,3,4,5,6,7,8,9,11,12,13,15,16,17,19,20,21,22,23,23,24,24,24,24,24,23,22,21,20,18,16,15,13,10,8,6,3,1,-1,-4,-6,-8,-10,-12,-14,-16,-17,-18,-20,-20,-21,-21,-22,-22,-22,-21,-21,-20,-20,-19,-18,-18,-17,-16,-15,-14,-14,-13,-12,-11,-11,-10,-9,-9,-8,-8,-7,-6,-6,-5,-4,-3,-2,-1,0,1,3,4,6,7,9,10,12,13,15,16,18,19,20,21,22,22,23,23,23,23,23,22,21,20,19,18,16,15,13,11,9,7,5,4,2,0,-2,-3,-5,-6,-8,-9,-10,-11,-11,-12,-12,-13,-13,-13,-13,-13,-13,-13,-13,-13,-13,-13,-12,-12,-12,-12,-12,-12,-12,-12,-12,-12,-12,-12,-12,-12,-11,-11,-10,-10,-9,-8,-7,-6,-4,-3,-1,0,2,3,5,6,8,9,11,12,13,14,15,16,16,16,16,16,16,16,15,15,14,13,13,12,11,10,9,8,8,7,6,6,5,5,4,4,4,3,3,3,3,3,2,2,2,1,1,0,-1,-1,-2,-3,-4,-5,-6,-6,-7,-8,-9,-9,-10,-10,-10,-10,-10,-10,-10,-9,-9,-9,-8,-8,-7,-7,-6,-6,-6,-6,-6,-6,-6,-7,-8,-8,-9,-10,-11,-13,-14,-15,-16,-16,-17,-17,-17,-17,-17,-16,-15,-13,-11,-9,-6,-3,0,3,6,10,13,17,20,24,27,29,32,34,36,37,38,38,38,37,36,34,32,30,27,24,21,17,14,10,6,3,-1,-4,-7,-10,-12,-15,-16,-18,-19,-20,-21,-21,-21,-21,-21,-20,-19,-18,-17,-16,-15,-14,-13,-11,-10,-9,-8,-7,-6,-6,-5,-4,-4,-3,-3,-3,-2,-2,-2,-2,-1,-1,-1,-1,0,0,0,1,1,1,2,2,2,3,3,4,4,4,5,5,5,6,6,6,6,6,6,7,7,6,6,6,6,6,5,5,4,4,3,3,2,1,1,0,-1,-1,-2,-3,-3,-4,-4,-4,-5,-5,-5,-5,-5,-5,-5,-4,-4,-3,-3,-2,-2,-1,-1,0,0,1,1,1,2,2,2,2,2,2,2,1,1,1,0,0,0,-1,-1,-1,-2,-2,-2,-2,-2,-2,-1,-1,-1,0,0,1,1,2,2,3,3,4,4,5,5,5,6,6,6,6,5,5,5,4,4,4,3,2,2,1,1,0,0,-1,-1,-2,-2,-2,-2,-2,-2,-2,-2,-2,-2,-2,-2,-2,-2,-2,-1,-1,-1,-1,-1,-2,-2,-2,-2,-3,-3,-3,-4,-4,-4,-5,-5,-6,-6,-6,-7,-7,-7,-7,-7,-7,-7,-7,-6,-6,-5,-5,-4,-4,-3,-2,-1,0,0,1,2,3,4,5,5,6,7,7,8,8,9,9,9,10,10,10,10,9,9,9,9,8,7,7,6,6,5,4,3,2,2,1,0,-1,-1,-2,-3,-3,-4,-4,-4,-4,-5,-5,-5,-4,-4,-4,-4,-3,-3,-2,-2,-1,-1,-1,0,0,0,1,1,1,1,0,0,0,-1,-1,-2,-2,-3,-4,-4,-5,-5,-6,-6,-7,-7,-7,-7,-7,-7,-7,-6,-6,-5,-4,-4,-3,-2,-1,1,2,3,4,5,6,6,7,8,8,9,9,9,9,9,8,8,8,7,6,5,5,4,3,2,1,1,0,-1,-1,-2,-2,-3,-3,-3,-3,-3,-3,-3,-3,-3,-2,-2,-2,-2,-2,-1,-1,-1,-1,-1,-1,-1,-1,-1,-1,-1,-2,-2,-2,-2,-2,-3,-3,-3,-3,-3,-3,-3,-2,-2,-2,-1,-1,-1,0,0,1,2,2,3,3,4,4,4,5,5,5,5,5,5,5,4,4,4,3,3,2,1,1,0,0,-1,-1,-2,-2,-3,-3,-3,-3,-4,-4,-3,-3,-3,-3,-3,-2,-2,-2,-1,-1,0,0,0,0,1,1,1,1,1,1,1,1,0,0,0,-1,-1,-1,-2,-2,-3,-3,-3,-4,-4,-4,-4,-4,-4,-4,-4,-4,-3,-3,-2,-2,-1,-1,0,1,2,2,3,4,5,5,6,7,7,8,9,9,9,10,10,10,10,9,9,9,8,8,7,6,5,4,3,2,1,0,-1,-2,-3,-4,-5,-6,-7,-7,-8,-9,-9,-10,-10,-10,-10,-10,-10,-10,-10,-9,-9,-9,-8,-8,-7,-7,-6,-5,-5,-4,-4,-3,-3,-2,-2,-2,-1,-1,0,0,0,1,1,1,2,2,3,3,4,4,5,5,6,6,7,7,8,8,9,9,9,10,10,10,10,10,10,10,10,9,9,8,8,7,7,6,5,5,4,3,2,1,0,-1,-2,-3,-3,-4,-5,-6,-7,-8,-8,-9,-9,-10,-10,-11,-11,-11,-11,-11,-11,-11,-11,-10,-10,-10,-9,-8,-8,-7,-6,-6,-5,-4,-3,-2,-2,-1,0,1,1,2,3,4,4,5,6,7,7,8,9,9,10,10,11,11,12,12,12,13,13,13,12,12,12,11,10,9,8,7,5,4,2,0,-2,-4,-6,-8,-9,-11,-13,-14,-16,-17,-18,-18,-19,-19,-19,-18,-18,-17,-15,-14,-12,-11,-9,-7,-4,-2,0,2,4,6,8,9,11,12,13,14,15,15,15,15,15,14,13,13,12,11,10,8,7,6,5,4,3,2,1,0,0,-1,-2,-2,-2,-3,-3,-3,-3,-3,-3,-3,-3,-3,-3,-3,-3,-3,-3,-3,-3,-3,-3,-3,-3,-3,-3,-3,-3,-3,-3,-3,-3,-3,-3,-3,-3,-3,-3,-3,-3,-3,-3,-3,-3,-3,-3,-3,-3,-2,-2,-2,-1,-1,-1,0,0,1,1,2,2,3,3,4,4,5,5,5,5,6,6,6,6,6,5,5,5,4,4,3,2,2,1,0,0,-1,-2,-2,-3,-4,-4,-5,-5,-5,-6,-6,-6,-6,-6,-6,-5,-5,-5,-4,-4,-3,-3,-2,-2,-1,-1,0,0,1,1,1,2,2,2,2,2,2,2,2,2,2,2,2,2,2,2,2,2,2,2,2,2,2,2,2,3,3,3,4,4,5,5,5,6,6,6,7,7,7,7,7,6,6,6,5,5,4,3,2,2,1,0,-1,-2,-3,-4,-5,-6,-6,-7,-8,-8,-9,-9,-9,-9,-9,-9,-9,-9,-9,-8,-8,-8,-7,-7,-6,-6,-5,-5,-4,-4,-3,-3,-3,-2,-2,-2,-2,-1,-1,-1,-1,-1,0,0,0,0,1,1,1,1,2,2,2,3,3,3,4,4,4,5,5,6,6,6,6,7,7,7,7,8,8,8,8,8,8,8,8,8,8,8,8,8,8,8,8,8,7,7,7,6,6,5,4,3,3,2,1,-1,-2,-3,-4,-6,-7,-9,-10,-11,-13,-14,-15,-16,-17,-18,-19,-19,-20,-20,-20,-20,-19,-19,-18,-17,-16,-14,-13,-11,-9,-8,-6,-4,-2,0,2,3,5,7,8,9,10,11,12,13,14,14,14,14,14,14,14,14,14,13,13,13,12,12,11,11,11,10,10,10,9,9,9,8,8,8,8,7,7,6,6,5,5,4,3,3,2,1,0,-1,-2,-3,-4,-5,-6,-7,-8,-9,-10,-11,-11,-12,-12,-13,-13,-14,-14,-14,-14,-14,-14,-13,-13,-13,-12,-12,-11,-10,-10,-9,-8,-7,-7,-6,-5,-4,-4,-3,-2,-2,-1,0,0,1,1,2,2,2,3,3,3,4,4,4,4,5,5,5,5,6,6,7,7,7,8,8,9,9,10,10,11,11,12,12,13,13,13,13,13,13,12,12,11,11,10,9,8,6,5,4,2,1,-1,-3,-4,-6,-7,-9,-10,-11,-12,-13,-14,-15,-16,-16,-16,-16,-16,-16,-15,-15,-14,-13,-12,-11,-10,-9,-7,-6,-5,-3,-2,-1,0,1,3,4,5,5,6,7,8,8,9,9,9,10,10,10,10,10,9,9,9,9,8,8,7,7,6,5,5,4,3,3,2,1,0,0,-1,-1,-2,-2,-3,-3,-4,-4,-4,-4,-5,-5,-5,-5,-5,-5,-5,-4,-4,-4,-4,-4,-4,-4,-3,-3,-3,-3,-3,-3,-3,-3,-3,-3,-3,-3,-3,-3,-3,-3,-2,-2,-2,-2,-2,-2,-1,-1,-1,0,0,0,1,1,1,2,2,3,3,3,3,4,4,4,4,5,5,5,5,5,5,5,5,4,4,4,4,3,3,3,2,2,1,1,1,0,0,-1,-1,-1,-1,-2,-2,-2,-2,-2,-2,-2,-2,-1,-1,-1,0,0,1,1,1,2,2,3,3,3,3,3,3,3,3,3,3,3,2,2,2,1,1,1,1,0,0,0,0,0,0,0,0,0,1,1,1,1,1,1,1,1,0,0,-1,-2,-3,-4,-5,-7,-9,-10,-12,-14,-16,-18,-20,-21,-23,-24,-25,-25,-26,-25,-25,-24,-23,-21,-18,-16,-13,-9,-6,-2,2,6,10,15,19,23,26,30,33,35,37,39,40,41,41,40,39,38,36,33,30,27,24,20,16,12,9,5,1,-3,-6,-9,-12,-14,-17,-18,-20,-21,-22,-22,-22,-22,-22,-21,-21,-20,-19,-17,-16,-15,-14,-13,-11,-10,-9,-8,-7,-7,-6,-5,-5,-4,-3,-3,-2,-2,-1,-1,0,1,1,2,3,4,4,5,6,7,7,8,9,9,10,10,10,10,10,10,10,9,9,8,7,6,5,4,3,2,1,0,-1,-3,-4,-5,-6,-6,-7,-8,-8,-9,-9,-9,-9,-9,-9,-9,-8,-8,-8,-7,-6,-6,-5,-5,-4,-3,-2,-2,-1,-1,0,1,1,2,3,3,4,4,5,5,6,6,7,7,8,8,8,9,9,9,10,10,10,10,9,9,9,9,8,7,7,6,5,4,3,2,1,0,-1,-2,-3,-4,-5,-6,-6,-7,-8,-8,-9,-9,-9,-9,-9,-9,-9,-9,-8,-8,-7,-7,-6,-5,-5,-4,-3,-3,-2,-1,-1,0,0,1,1,1,2,2,2,2,2,2,2,1,1,1,1,1,1,0,0,0,1,1,1,1,1,2,2,3,3,4,4,5,6,6,7,7,7,8,8,8,8,7,7,6,6,5,4,3,2,1,-1,-2,-3,-5,-6,-7,-8,-9,-10,-11,-12,-12,-12,-12,-12,-12,-11,-11,-10,-9,-8,-7,-6,-4,-3,-2,-1,1,2,3,4,5,6,6,7,7,7,7,7,7,7,7,6,6,5,5,4,3,3,2,2,1,1,1,0,0,0,0,0,1,1,1,1,2,2,2,3,3,4,4,5,5,5,6,6,6,6,6,6,6,6,6,5,5,5,4,3,3,2,1,0,-1,-2,-3,-4,-5,-6,-7,-8,-9,-9,-10,-11,-12,-12,-13,-13,-14,-14,-14,-14,-14,-14,-13,-13,-13,-12,-11,-11,-10,-9,-9,-8,-7,-6,-5,-5,-4,-3,-2,-1,-1,0,1,2,3,4,5,6,7,8,9,10,11,12,13,14,15,16,17,18,19,20,21,21,21,22,22,22,21,21,20,19,18,16,15,13,11,9,7,5,3,1,-2,-4,-6,-8,-10,-12,-14,-15,-16,-17,-18,-19,-19,-20,-20,-20,-19,-19,-18,-17,-16,-15,-14,-13,-12,-11,-10,-9,-8,-7,-6,-6,-5,-4,-4,-3,-3,-2,-2,-2,-1,-1,-1,0,0,0,1,1,2,2,3,4,5,5,6,7,8,9,10,10,11,12,12,12,13,13,13,13,12,12,11,10,9,8,7,6,5,3,2,0,-1,-2,-3,-5,-6,-7,-7,-8,-9,-9,-9,-9,-9,-9,-8,-8,-7,-6,-5,-4,-3,-2,-1,0,0,1,2,3,3,4,4,5,5,5,5,5,5,4,4,4,4,3,3,3,2,2,2,2,2,2,2,2,2,2,2,2,2,2,2,2,1,1,1,0,-1,-2,-3,-4,-5,-6,-7,-8,-9,-10,-11,-12,-13,-14,-14,-14,-14,-14,-13,-13,-12,-10,-9,-7,-5,-4,-2,1,3,5,7,9,11,12,13,15,15,16,16,16,16,15,14,13,11,9,7,5,3,1,-1,-3,-5,-7,-9,-10,-11,-12,-12,-13,-13,-12,-11,-10,-9,-8,-6,-4,-2,0,2,5,7,9,11,12,14,15,16,17,18,18,18,17,17,16,15,14,12,11,9,7,6,4,2,0,-1,-3,-4,-6,-7,-8,-9,-10,-10,-11,-11,-11,-11,-11,-11,-11,-11,-11,-11,-11,-12,-12,-12,-12,-12,-13,-13,-14,-14,-14,-15,-15,-16,-16,-16,-16,-16,-15,-15,-14,-13,-12,-10,-9,-7,-5,-3,0,2,5,8,10,13,15,18,20,23,25,27,28,29,30,31,32,32,31,31,30,29,27,26,24,22,19,17,14,12,9,6,4,1,-1,-4,-6,-8,-10,-12,-13,-15,-16,-17,-18,-19,-20,-20,-21,-21,-21,-21,-21,-21,-21,-21,-20,-20,-20,-19,-18,-17,-17,-16,-15,-13,-12,-11,-9,-8,-6,-4,-2,0,1,3,5,7,9,10,12,13,14,16,17,17,18,18,18,18,18,17,17,16,15,14,13,11,10,9,7,6,5,3,2,1,0,-1,-1,-2,-2,-3,-3,-3,-3,-3,-3,-3,-3,-3,-2,-2,-2,-3,-3,-3,-3,-4,-4,-5,-6,-6,-7,-8,-9,-10,-10,-11,-12,-12,-13,-13,-13,-13,-13,-12,-11,-11,-10,-8,-7,-6,-4,-2,-1,1,3,5,7,8,10,11,12,14,15,15,16,16,16,16,16,15,14,13,12,11,10,9,7,6,4,3,2,1,-1,-2,-2,-3,-4,-4,-5,-5,-5,-5,-4,-4,-4,-3,-3,-3,-2,-2,-1,-1,-1,-1,-1,-1,-1,-2,-2,-3,-3,-4,-5,-5,-6,-7,-8,-8,-9,-10,-10,-11,-11,-11,-11,-11,-10,-10,-9,-9,-8,-6,-5,-4,-3,-1,0,2,3,5,6,7,8,9,10,11,12,12,13,13,13,13,13,12,12,11,11,10,9,8,7,6,5,4,3,2,1,0,-1,-1,-2,-3,-3,-4,-4,-5,-5,-5,-5,-6,-6,-6,-5,-5,-5,-5,-5,-5,-4,-4,-4,-4,-3,-3,-3,-3,-3,-2,-2,-2,-2,-2,-2,-2,-2,-2,-2,-2,-2,-2,-2,-1,-1,-1,-1,-1,-1,0,0,1,1,2,2,3,4,4,5,6,6,7,8,8,9,9,9,9,9,9,9,8,7,6,5,4,3,1,0,-2,-3,-5,-7,-8,-10,-11,-12,-13,-14,-14,-15,-15,-15,-14,-14,-13,-12,-11,-9,-8,-6,-4,-2,0,2,3,5,7,8,9,10,11,12,12,12,12,12,12,11,10,9,8,7,6,4,3,2,0,-1,-2,-3,-4,-5,-6,-6,-7,-7,-7,-7,-7,-7,-6,-6,-6,-5,-4,-4,-3,-2,-2,-1,0,0,1,2,2,3,4,4,5,5,6,6,7,7,8,8,8,8,8,8,8,8,8,7,7,6,6,5,5,4,3,2,2,1,0,-1,-2,-3,-3,-4,-5,-5,-6,-6,-7,-7,-8,-8,-8,-8,-9,-9,-9,-9,-9,-9,-9,-9,-9,-9,-9,-9,-9,-9,-8,-8,-8,-8,-8,-8,-7,-7,-6,-6,-5,-5,-4,-4,-3,-2,-1,0,1,2,3,4,5,6,7,8,9,10,11,12,13,14,15,16,16,17,17,17,18,18,18,17,17,17,16,15,14,13,12,11,10,8,7,5,3,2,0,-2,-4,-6,-7,-9,-11,-12,-13,-15,-16,-17,-17,-18,-19,-19,-19,-19,-18,-18,-17,-17,-16,-15,-14,-13,-12,-11,-9,-8,-7,-6,-4,-3,-2,-1,0,0,1,2,2,3,3,4,4,4,5,5,5,5,5,5,6,6,6,6,6,7,7,8,8,8,9,9,10,10,11,11,12,12,12,13,13,13,13,13,13,12,12,11,11,10,9,8,7,5,4,3,1,-1,-2,-4,-5,-7,-9,-10,-12,-13,-14,-15,-16,-17,-18,-18,-19,-19,-19,-18,-18,-18,-17,-16,-15,-14,-13,-12,-11,-9,-8,-6,-5,-3,-2,0,1,3,4,6,7,8,10,11,12,13,13,14,15,15,15,15,15,15,14,14,13,12,10,9,7,5,3,1,-1,-3,-5,-7,-9,-11,-12,-14,-15,-16,-17,-17,-17,-17,-16,-15,-14,-12,-10,-8,-5,-2,0,3,6,9,12,14,17,19,20,22,23,23,24,23,23,22,20,18,16,14,11,8,5,2,-1,-4,-7,-10,-12,-14,-16,-18,-19,-20,-21,-21,-21,-21,-20,-19,-18,-17,-15,-13,-12,-10,-8,-6,-4,-2,0,2,3,4,6,7,8,9,9,10,10,11,11,11,11,12,12,12,12,12,12,11,11,11,11,11,11,10,10,9,9,8,7,6,5,4,3,1,0,-1,-3,-5,-6,-8,-10,-11,-13,-14,-15,-17,-18,-19,-20,-20,-21,-21,-21,-21,-21,-20,-19,-19,-18,-16,-15,-14,-12,-10,-9,-7,-5,-3,-2,0,2,4,5,7,9,10,11,13,14,15,16,17,18,18,19,19,20,20,20,21,21,21,20,20,20,20,19,19,18,17,16,15,14,13,12,11,9,7,6,4,2,0,-2,-4,-6,-8,-10,-12,-14,-16,-18,-20,-21,-23,-24,-25,-25,-26,-26,-26,-26,-26,-25,-24,-23,-22,-21,-19,-17,-15,-13,-11,-9,-7,-5,-3,-1,1,2,4,5,7,8,9,10,11,12,12,13,13,13,14,14,14,14,14,14,14,15,15,15,15,15,15,15,15,15,15,15,14,14,13,13,12,11,10,8,7,5,4,2,0,-2,-4,-6,-7,-9,-11,-13,-14,-15,-17,-18,-18,-19,-19,-20,-19,-19,-19,-18,-17,-16,-15,-13,-12,-10,-9,-7,-6,-4,-3,-1,0,1,2,4,4,5,6,7,7,8,8,8,8,8,8,8,8,8,8,8,8,8,8,8,8,8,7,7,7,6,6,6,5,5,4,3,3,2,1,1,0,-1,-1,-2,-2,-2,-3,-3,-3,-3,-3,-3,-2,-2,-2,-1,-1,0,0,0,1,1,1,1,0,0,-1,-1,-2,-3,-5,-6,-8,-9,-11,-12,-14,-16,-17,-18,-19,-20,-20,-21,-20,-20,-19,-18,-16,-14,-12,-9,-6,-3,0,3,7,10,14,17,20,23,25,28,30,31,32,33,33,33,33,32,31,29,27,25,22,19,17,14,11,8,5,2,-1,-3,-5,-8,-10,-11,-13,-14,-16,-16,-17,-18,-18,-19,-19,-19,-19,-19,-19,-19,-18,-18,-18,-18,-17,-17,-16,-16,-15,-14,-14,-13,-12,-11,-10,-8,-7,-6,-4,-3,-2,0,1,3,4,6,7,8,9,10,11,12,13,13,14,14,14,14,14,14,13,13,12,12,11,11,10,10,9,8,8,7,6,5,5,4,3,3,2,1,0,0,-1,-2,-3,-4,-4,-5,-6,-7,-8,-8,-9,-10,-10,-11,-11,-11,-11,-11,-11,-11,-11,-10,-10,-9,-8,-7,-6,-5,-4,-3,-2,0,1,2,3,4,5,6,6,7,7,8,8,8,8,8,8,8,8,7,7,7,6,6,5,5,4,4,4,4,3,3,3,3,3,3,3,3,3,3,3,3,3,3,3,2,2,2,2,1,1,0,-1,-1,-2,-3,-4,-4,-5,-6,-7,-8,-8,-9,-10,-10,-11,-11,-11,-11,-11,-11,-11,-11,-11,-10,-10,-9,-9,-8,-7,-7,-6,-5,-4,-4,-3,-2,-1,-1,0,1,2,2,3,4,5,5,6,7,7,8,9,10,10,11,12,12,13,13,14,14,14,14,14,14,14,14,13,13,12,11,10,9,8,7,5,4,2,1,-1,-2,-4,-5,-6,-8,-9,-10,-11,-12,-13,-13,-14,-14,-14,-14,-14,-14,-13,-13,-12,-11,-10,-9,-8,-7,-6,-5,-4,-3,-2,-2,-1,0,0,1,1,2,2,2,2,2,2,2,2,2,1,1,1,1,1,1,1,1,1,2,2,3,3,4,4,5,6,7,7,8,9,9,10,10,10,10,10,10,10,9,9,8,7,6,5,4,3,1,0,-1,-2,-3,-4,-5,-6,-7,-7,-7,-8,-8,-8,-8,-7,-7,-7,-6,-6,-6,-5,-5,-4,-4,-4,-4,-4,-4,-4,-5,-5,-5,-6,-6,-7,-7,-7,-7,-7,-7,-7,-6,-6,-5,-4,-2,-1,1,2,4,6,7,9,11,12,14,15,16,17,17,18,18,17,16,15,14,13,11,9,7,5,3,0,-2,-4,-6,-8,-10,-12,-13,-14,-15,-15,-16,-15,-15,-15,-14,-13,-12,-11,-9,-8,-6,-5,-3,-2,-1,1,2,3,4,4,5,6,6,7,7,7,7,7,7,8,8,8,8,8,8,8,8,8,8,8,8,8,8,8,8,8,7,7,6,5,4,3,2,1,0,-1,-3,-4,-5,-7,-8,-9,-10,-11,-12,-13,-14,-14,-15,-15,-15,-15,-14,-14,-14,-13,-12,-11,-10,-10,-9,-8,-7,-6,-5,-4,-3,-2,-1,-1,0,1,1,2,2,3,3,4,4,5,5,6,7,7,8,8,9,10,10,11,11,12,13,13,14,14,15,15,15,15,15,15,14,14,13,12,11,10,9,8,6,5,3,2,0,-2,-3,-5,-6,-8,-9,-10,-11,-12,-13,-14,-14,-15,-15,-15,-15,-15,-14,-14,-13,-13,-12,-11,-10,-9,-8,-7,-7,-6,-5,-4,-3,-3,-2,-1,-1,0,0,1,1,1,2,2,2,3,3,3,4,4,4,5,5,5,6,6,7,7,7,8,8,8,8,8,9,9,8,8,8,8,8,7,7,6,6,5,4,4,3,2,1,1,0,-1,-2,-2,-3,-3,-4,-5,-5,-5,-6,-6,-6,-6,-6,-6,-6,-6,-5,-5,-4,-4,-3,-3,-2,-1,-1,0,0,1,2,2,2,3,3,3,3,3,2,2,1,0,-1,-2,-3,-4,-5,-6,-8,-9,-10,-11,-12,-13,-14,-14,-14,-15,-14,-14,-13,-12,-11,-9,-8,-6,-4,-1,1,3,6,8,11,13,15,17,19,21,22,23,24,24,24,24,24,23,21,20,18,16,14,12,9,7,4,2,-1,-3,-5,-7,-9,-11,-13,-14,-15,-16,-16,-17,-17,-16,-16,-15,-15,-14,-13,-12,-10,-9,-8,-6,-5,-4,-2,-1,0,1,2,3,4,5,5,6,6,6,7,7,7,7,7,6,6,6,6,5,5,5,5,4,4,4,3,3,3,2,2,2,1,1,0,0,-1,-1,-2,-2,-3,-4,-5,-5,-6,-7,-8,-9,-9,-10,-11,-12,-12,-13,-13,-13,-14,-14,-14,-13,-13,-12,-12,-11,-10,-9,-7,-6,-4,-3,-1,1,3,5,6,8,10,12,13,15,16,18,19,20,20,21,21,21,21,21,21,20,19,19,17,16,15,14,12,10,9,7,6,4,2,1,-1,-2,-4,-5,-6,-8,-9,-10,-11,-12,-13,-13,-14,-14,-15,-15,-16,-16,-16,-16,-16,-16,-16,-16,-16,-15,-15,-15,-14,-14,-13,-12,-11,-10,-9,-8,-7,-6,-5,-4,-3,-1,0,1,2,4,5,6,7,8,9,10,10,11,12,12,12,13,13,13,13,14,14,14,14,14,13,13,13,13,13,13,12,12,12,11,11,10,10,9,8,8,7,6,5,3,2,1,-1,-2,-4,-5,-6,-8,-9,-10,-11,-12,-13,-14,-14,-15,-15,-15,-14,-14,-13,-13,-12,-11,-10,-9,-8,-7,-7,-6,-5,-5,-4,-4,-4,-5,-5,-6,-6,-7,-8,-9,-10,-11,-12,-13,-13,-14,-14,-14,-13,-13,-12,-10,-8,-6,-4,-1,2,5,8,11,15,18,21,24,27,30,32,34,35,36,36,36,36,35,33,31,29,26,23,19,16,12,8,4,0,-4,-7,-11,-14,-17,-19,-22,-23,-25,-26,-26,-26,-26,-25,-24,-23,-22,-20,-18,-16,-14,-12,-10,-8,-6,-4,-3,-1,1,2,3,4,5,6,6,7,7,7,7,7,7,7,7,7,7,7,6,6,6,6,6,6,6,6,5,5,5,5,5,4,4,4,3,3,2,1,0,0,-1,-2,-3,-5,-6,-7,-8,-9,-10,-11,-12,-13,-14,-14,-15,-15,-15,-15,-15,-15,-14,-14,-13,-12,-10,-9,-7,-6,-4,-2,0,2,4,6,8,9,11,13,14,16,17,18,18,19,19,20,20,19,19,18,18,17,16,15,13,12,11,9,8,6,5,4,2,1,0,-2,-3,-4,-5,-6,-6,-7,-8,-8,-9,-10,-10,-10,-11,-11,-11,-12,-12,-12,-12,-12,-12,-12,-12,-12,-12,-12,-11,-11,-10,-10,-9,-8,-7,-6,-5,-4,-3,-2,-1,1,2,3,4,5,7,8,9,10,10,11,12,12,13,13,13,13,13,13,13,12,12,12,11,11,10,10,9,9,8,8,7,6,6,5,5,4,3,2,2,1,-1,-2,-3,-4,-6,-8,-9,-11,-13,-15,-17,-18,-20,-22,-23,-24,-25,-26,-26,-27,-26,-26,-25,-24,-22,-21,-18,-16,-13,-10,-7,-4,0,3,6,10,13,16,19,21,23,25,26,27,28,28,28,28,27,26,24,22,20,18,16,14,11,9,7,4,2,0,-1,-3,-4,-5,-6,-7,-7,-7,-7,-7,-7,-7,-6,-6,-5,-4,-4,-3,-2,-2,-1,-1,0,0,0,0,0,0,0,0,0,-1,-1,-1,-2,-2,-2,-3,-3,-3,-3,-4,-4,-4,-4,-5,-5,-5,-5,-5,-5,-6,-6,-6,-6,-6,-6,-6,-6,-6,-6,-6,-6,-6,-6,-6,-6,-5,-5,-5,-4,-4,-4,-3,-3,-3,-2,-2,-1,-1,0,0,1,1,2,2,3,3,4,4,5,5,6,6,7,7,8,8,9,9,9,10,10,10,11,11,11,11,11,11,11,10,10,10,9,9,8,7,6,5,4,3,2,1,0,-1,-2,-3,-4,-5,-6,-6,-7,-8,-8,-8,-9,-9,-9,-9,-9,-8,-8,-8,-7,-7,-6,-6,-5,-5,-5,-4,-4,-3,-3,-3,-3,-3,-3,-3,-3,-3,-3,-3,-3,-3,-3,-4,-4,-4,-4,-4,-4,-3,-3,-3,-3,-2,-2,-1,-1,0,1,1,2,2,3,4,4,5,5,6,6,6,7,7,7,7,7,8,8,8,7,7,7,7,7,6,6,6,5,5,4,4,3,3,2,2,1,1,0,0,-1,-1,-2,-2,-3,-3,-3,-3,-3,-3,-3,-3,-3,-2,-2,-2,-1,-1,0,0,0,1,1,1,1,1,0,0,-1,-1,-2,-3,-4,-6,-7,-8,-10,-11,-12,-14,-15,-16,-16,-17,-17,-17,-17,-16,-15,-14,-13,-11,-9,-7,-4,-2,1,4,7,9,12,14,17,19,21,22,23,24,24,25,24,24,23,21,20,18,16,14,11,9,6,4,2,-1,-3,-5,-7,-8,-9,-10,-11,-12,-12,-12,-12,-11,-10,-10,-9,-8,-7,-6,-5,-4,-3,-2,-1,-1,0,0,1,1,1,1,1,1,0,0,0,-1,-1,-2,-2,-2,-3,-3,-3,-3,-3,-3,-3,-3,-3,-3,-2,-2,-2,-1,-1,-1,0,0,0,1,1,1,1,2,2,2,2,2,2,2,2,2,1,1,1,1,1,0,0,0,0,0,-1,-1,-1,-1,-2,-2,-2,-2,-2,-2,-2,-2,-2,-2,-2,-2,-1,-1,-1,0,0,1,2,2,3,4,4,5,6,6,7,8,8,9,9,9,9,9,9,9,9,9,8,8,7,6,5,4,3,2,1,0,-2,-3,-4,-5,-6,-8,-9,-9,-10,-11,-12,-12,-12,-13,-13,-13,-12,-12,-12,-11,-11,-10,-9,-8,-7,-6,-5,-4,-3,-2,-1,0,1,1,2,3,4,4,5,5,6,6,6,6,7,7,7,7,7,7,7,7,7,6,6,6,6,6,6,6,6,6,6,6,6,6,6,6,6,5,5,5,5,4,4,3,3,2,1,0,0,-1,-2,-3,-4,-5,-6,-6,-7,-8,-9,-10,-10,-11,-11,-12,-12,-12,-12,-12,-12,-12,-11,-11,-10,-10,-9,-8,-7,-6,-5,-4,-3,-2,-1,0,2,3,4,4,5,6,7,7,8,8,8,9,9,9,9,8,8,8,7,7,7,6,6,5,5,5,4,4,4,4,4,4,4,4,4,4,4,5,5,5,5,5,5,5,5,4,4,3,3,2,1,0,-1,-2,-3,-4,-5,-6,-7,-8,-9,-9,-10,-10,-10,-10,-10,-10,-10,-9,-8,-8,-7,-6,-5,-4,-3,-2,-2,-1,-1,0,0,0,0,-1,-1,-2,-3,-4,-5,-6,-7,-8,-9,-10,-10,-11,-11,-11,-11,-10,-10,-9,-7,-6,-4,-2,0,3,5,8,10,13,15,18,20,22,23,25,26,26,27,27,26,26,24,23,21,19,17,15,12,9,7,4,1,-1,-4,-6,-9,-11,-13,-14,-16,-17,-17,-18,-18,-19,-19,-18,-18,-17,-16,-16,-15,-14,-12,-11,-10,-9,-8,-7,-6,-5,-4,-3,-2,-2,-1,0,0,1,1,2,2,3,3,3,4,4,5,5,5,6,6,6,7,7,7,8,8,8,8,8,8,8,8,8,8,7,7,6,6,5,4,3,2,1,0,-1,-2,-3,-5,-6,-7,-8,-9,-10,-10,-11,-12,-12,-12,-12,-12,-11,-11,-10,-9,-8,-7,-6,-5,-3,-2,0,1,2,4,5,6,7,8,9,10,10,10,10,10,10,10,9,8,8,7,6,5,4,3,2,1,0,-1,-2,-2,-3,-3,-3,-3,-3,-3,-3,-2,-2,-1,-1,0,0,1,2,2,2,3,3,3,3,3,2,2,2,1,1,0,-1,-2,-2,-3,-4,-4,-5,-5,-6,-6,-6,-6,-6,-6,-5,-5,-4,-4,-3,-2,-1,-1,0,1,2,2,3,3,4,4,4,4,4,4,4,3,3,2,2,1,1,0,-1,-1,-2,-2,-2,-3,-3,-3,-3,-2,-2,-2,-1,-1,0,0,1,1,2,2,3,3,3,4,4,4,3,3,3,2,2,1,1,0,-1,-2,-2,-3,-4,-4,-5,-5,-5,-6,-6,-6,-6,-5,-5,-5,-4,-4,-3,-3,-2,-1,-1,0,0,1,1,1,1,2,2,2,2,2,2,1,1,1,1,1,1,1,2,2,2,3,3,4,5,5,6,7,8,8,9,10,10,11,11,11,11,11,11,10,10,9,8,7,6,5,4,2,1,0,-2,-3,-4,-5,-6,-7,-7,-8,-8,-9,-9,-9,-9,-9,-9,-9,-10,-10,-10,-11,-11,-12,-12,-13,-14,-15,-16,-17,-18,-19,-20,-21,-22,-22,-22,-22,-22,-21,-20,-18,-16,-14,-11,-8,-5,-1,2,6,10,14,18,22,26,29,33,35,38,40,41,42,43,42,42,41,39,37,34,31,28,25,21,17,14,10,6,2,-1,-4,-7,-10,-13,-15,-17,-18,-20,-21,-21,-22,-22,-22,-22,-22,-21,-21,-20,-20,-19,-18,-18,-17,-16,-16,-15,-15,-14,-13,-13,-12,-11,-10,-9,-8,-7,-6,-5,-4,-2,-1,0,2,3,5,6,7,8,9,10,11,12,13,13,13,13,13,13,13,13,12,12,11,10,9,8,8,7,6,5,4,3,2,1,0,-1,-2,-3,-4,-4,-5,-6,-6,-7,-8,-8,-9,-9,-9,-10,-10,-10,-10,-10,-9,-9,-9,-8,-8,-7,-6,-5,-4,-3,-2,-1,1,2,3,4,6,7,8,9,10,10,11,12,12,12,12,13,12,12,12,11,11,10,10,9,8,7,6,6,5,4,3,2,1,0,-1,-2,-2,-3,-4,-5,-5,-6,-7,-7,-8,-8,-9,-10,-10,-10,-11,-11,-11,-11,-12,-12,-11,-11,-11,-11,-10,-10,-9,-8,-7,-6,-5,-4,-3,-2,-1,0,1,2,3,4,5,6,7,8,9,9,10,10,10,10,10,10,10,9,9,8,8,7,6,6,5,4,3,2,1,1,0,-1,-2,-2,-3,-3,-4,-4,-5,-5,-5,-6,-6,-6,-6,-6,-6,-6,-6,-6,-6,-5,-5,-5,-5,-4,-4,-3,-3,-2,-2,-1,0,0,1,2,2,3,4,4,5,5,6,6,6,7,7,7,7,7,7,7,6,6,6,6,5,5,5,4,4,4,3,3,3,3,3,3,3,3,3,3,3,3,3,3,3,2,2,1,0,-1,-2,-3,-4,-6,-7,-9,-11,-13,-14,-16,-18,-19,-21,-22,-23,-23,-24,-24,-23,-23,-22,-20,-19,-17,-14,-12,-9,-6,-3,1,4,7,10,13,16,19,21,23,25,26,27,27,27,27,26,25,24,23,21,19,16,14,12,9,7,5,2,0,-1,-3,-5,-6,-7,-8,-8,-9,-9,-9,-9,-9,-8,-8,-8,-7,-7,-6,-6,-5,-5,-4,-4,-4,-3,-3,-3,-2,-2,-2,-2,-1,-1,0,0,0,1,1,2,2,3,3,4,4,4,5,5,5,4,4,3,3,2,1,0,-1,-2,-3,-4,-6,-7,-8,-9,-10,-11,-12,-13,-13,-13,-14,-14,-13,-13,-12,-12,-11,-10,-9,-8,-6,-5,-4,-2,-1,0,1,3,4,5,5,6,7,8,8,8,9,9,9,9,9,9,9,9,9,9,10,10,10,10,10,10,10,11,11,11,11,12,12,12,12,12,12,12,11,11,10,10,9,8,7,6,5,3,2,0,-2,-3,-5,-7,-9,-11,-12,-14,-16,-17,-19,-20,-21,-22,-23,-24,-24,-24,-24,-23,-23,-22,-21,-20,-18,-16,-15,-13,-11,-9,-6,-4,-2,0,2,4,6,8,9,11,12,13,14,15,16,16,16,16,16,16,16,15,15,15,14,13,13,12,12,11,11,10,9,9,9,8,8,7,7,6,5,5,4,4,3,2,1,0,-1,-2,-3,-5,-6,-7,-9,-10,-11,-12,-14,-15,-16,-17,-17,-18,-18,-18,-18,-18,-18,-17,-17,-16,-15,-13,-12,-10,-8,-7,-5,-3,-1,1,3,5,7,8,10,11,12,14,14,15,16,16,16,16,16,16,15,15,14,13,13,12,11,10,9,8,8,7,6,6,5,5,4,4,4,3,3,3,2,2,1,0,0,-1,-3,-4,-5,-7,-9,-10,-12,-14,-16,-18,-20,-22,-24,-26,-27,-28,-29,-29,-30,-29,-29,-28,-26,-24,-22,-19,-16,-13,-9,-5,-1,3,7,11,15,19,22,26,29,31,33,35,36,37,37,37,36,35,34,32,30,27,24,21,18,15,12,9,5,2,0,-3,-6,-8,-10,-11,-13,-14,-15,-15,-15,-16,-15,-15,-15,-14,-14,-13,-12,-12,-11,-11,-10,-9,-9,-9,-8,-8,-8,-8,-7,-7,-7,-7,-7,-7,-7,-7,-7,-7,-6,-6,-5,-5,-4,-3,-3,-2,-1,0,1,2,3,4,4,5,6,7,8,8,9,9,9,10,10,10,9,9,9,8,8,7,7,6,5,5,4,3,2,1,1,0,-1,-1,-2,-2,-2,-3,-3,-3,-3,-3,-3,-3,-3,-3,-3,-2,-2,-2,-2,-2,-1,-1,-1,-1,-1,-1,-1,-1,-1,-1,-2,-2,-2,-2,-2,-2,-3,-3,-3,-3,-3,-3,-3,-2,-2,-2,-1,-1,-1,0,1,1,2,2,3,4,4,5,5,6,6,6,7,7,7,7,7,7,6,6,6,5,5,4,4,3,2,2,1,0,0,-1,-1,-2,-2,-3,-3,-3,-3,-3,-4,-4,-4,-4,-4,-4,-4,-4,-4,-4,-4,-4,-4,-4,-4,-4,-5,-5,-5,-5,-6,-6,-6,-6,-6,-7,-7,-6,-6,-6,-6,-5,-5,-4,-3,-3,-2,-1,0,1,2,3,4,5,6,7,8,8,9,9,10,10,10,10,10,10,9,9,8,7,7,6,5,4,3,2,1,0,0,-1,-2,-2,-3,-3,-4,-4,-4,-4,-4,-4,-4,-4,-3,-3,-3,-3,-2,-2,-1,-1,-1,0,0,0,0,0,1,1,1,1,1,1,1,1,1,0,0,0,0,0,0,-1,-1,-1,-1,-1,-2,-2,-2,-2,-3,-3,-3,-4,-4,-4,-4,-4,-5,-5,-5,-5,-5,-5,-4,-4,-4,-4,-3,-3,-2,-2,-1,0,1,1,2,3,4,5,5,6,7,7,8,8,8,9,9,9,8,8,8,8,7,7,6,6,5,5,4,4,3,3,2,2,2,2,2,2,3,3,3,3,4,4,4,4,4,4,4,3,2,1,0,-1,-3,-4,-6,-8,-10,-13,-15,-17,-19,-21,-23,-25,-27,-28,-29,-30,-30,-30,-29,-28,-26,-24,-22,-19,-16,-13,-9,-5,-1,3,7,11,15,18,22,25,28,30,32,34,35,36,36,35,35,34,32,30,28,26,23,20,18,15,12,9,6,4,1,-1,-3,-5,-6,-8,-9,-10,-10,-11,-11,-11,-11,-11,-11,-11,-10,-10,-10,-9,-9,-9,-9,-8,-8,-8,-8,-8,-8,-8,-9,-9,-9,-9,-9,-9,-9,-8,-8,-8,-8,-7,-7,-6,-6,-5,-5,-4,-3,-3,-2,-2,-1,0,0,1,1,2,3,3,4,4,4,5,5,6,6,7,7,7,8,8,8,8,8,8,8,8,8,8,8,8,7,7,6,5,4,4,3,2,1,0,-1,-2,-3,-4,-5,-6,-7,-7,-8,-8,-8,-9,-9,-8,-8,-8,-7,-7,-6,-5,-4,-3,-2,-1,0,1,2,3,4,4,5,6,6,6,7,7,7,6,6,6,5,5,4,4,3,2,2,1,1,0,0,-1,-1,-1,-1,-1,-1,-1,0,0,1,1,2,2,3,3,3,4,4,4,4,4,3,3,2,2,1,0,-1,-2,-3,-4,-5,-6,-7,-8,-9,-10,-11,-12,-12,-12,-12,-12,-12,-12,-11,-10,-10,-9,-7,-6,-5,-4,-2,-1,0,2,3,4,5,6,7,8,8,9,9,10,10,10,10,9,9,9,9,8,8,8,7,7,7,6,6,6,6,5,5,5,5,5,5,4,4,4,3,3,3,2,1,1,0,-1,-2,-3,-4,-5,-6,-7,-8,-9,-10,-10,-11,-12,-12,-13,-13,-13,-13,-12,-12,-11,-10,-10,-9,-7,-6,-5,-4,-2,-1,0,1,2,3,4,5,6,6,6,7,7,7,6,6,6,5,5,4,4,3,3,2,2,2,1,1,1,2,2,2,3,3,4,5,6,6,7,8,8,9,9,10,10,10,10,9,9,8,7,6,5,4,2,1,-1,-2,-4,-5,-6,-7,-8,-9,-10,-11,-11,-11,-11,-11,-11,-11,-11,-10,-10,-9,-8,-8,-8,-7,-7,-7,-7,-6,-7,-7,-7,-7,-7,-8,-8,-8,-8,-8,-8,-8,-7,-7,-6,-5,-3,-2,0,2,4,6,9,11,13,15,18,20,21,23,24,25,26,26,26,25,24,23,21,19,17,14,12,9,6,3,0,-3,-6,-9,-12,-14,-16,-18,-19,-20,-21,-21,-21,-21,-20,-19,-18,-17,-15,-14,-12,-10,-8,-6,-5,-3,-1,0,1,3,3,4,5,5,6,6,6,6,6,6,5,5,5,5,4,4,4,4,4,4,4,4,4,4,5,5,5,5,6,6,6,6,6,6,6,5,5,5,4,3,2,2,1,0,-2,-3,-4,-5,-6,-8,-9,-10,-11,-12,-13,-13,-14,-14,-14,-14,-14,-14,-13,-13,-12,-11,-10,-9,-7,-6,-4,-3,-1,1,2,4,6,7,9,10,11,12,13,14,14,15,15,15,15,14,14,13,12,12,11,10,9,8,6,5,4,3,2,1,1,0,-1,-2,-2,-3,-3,-3,-4,-4,-4,-4,-5,-5,-5,-5,-5,-6,-6,-6,-6,-6,-7,-7,-7,-7,-7,-7,-8,-8,-8,-7,-7,-7,-7,-6,-6,-5,-4,-4,-3,-2,-1,-1,0,1,2,3,3,4,5,5,6,6,6,7,7,7,7,7,7,6,6,6,6,5,5,5,5,4,4,4,4,4,4,4,4,4,4,4,4,4,4,3,3,3,3,2,2,1,0,0,-1,-2,-3,-4,-5,-6,-7,-9,-9,-10,-11,-12,-13,-13,-13,-14,-14,-14,-13,-13,-12,-11,-11,-10,-8,-7,-6,-5,-3,-2,-1,0,2,3,4,5,6,6,7,8,8,8,8,9,9,9,8,8,8,8,8,7,7,7,7,7,7,7,7,7,7,7,7,7,7,7,7,7,7,7,7,7,7,7,7,7,7,6,6,6,5,5,5,4,3,3,2,1,1,0,-1,-2,-4,-5,-6,-7,-9,-10,-12,-13,-15,-17,-18,-20,-21,-23,-24,-25,-26,-27,-27,-28,-28,-27,-27,-26,-24,-23,-21,-18,-16,-13,-10,-7,-4,0,3,7,10,13,16,19,22,25,27,29,30,31,32,33,33,32,32,31,30,28,26,24,22,20,18,16,14,11,9,7,5,3,1,0,-2,-3,-4,-5,-6,-7,-8,-8,-9,-9,-10,-10,-11,-11,-11,-12,-12,-12,-13,-13,-13,-13,-14,-14,-14,-14,-14,-14,-13,-13,-13,-12,-12,-11,-10,-10,-9,-8,-7,-6,-5,-4,-3,-2,-2,-1,0,1,2,2,3,4,5,5,6,6,7,7,8,8,9,9,10,10,11,11,11,11,11,11,11,11,11,10,10,9,8,7,6,5,4,2,1,-1,-2,-4,-5,-6,-8,-9,-10,-11,-12,-12,-12,-13,-13,-12,-12,-11,-10,-9,-8,-7,-6,-4,-3,-1,0,2,3,4,5,6,7,8,8,9,9,9,9,8,8,7,7,6,5,4,3,2,2,1,0,0,-1,-1,-2,-2,-2,-2,-2,-1,-1,-1,0,0,0,1,1,1,2,2,2,2,2,1,1,1,0,0,-1,-1,-2,-2,-3,-4,-4,-5,-5,-5,-6,-6,-6,-6,-6,-6,-5,-5,-5,-4,-4,-3,-2,-2,-1,0,0,1,2,2,3,3,4,4,5,5,6,7,7,8,8,9,9,9,10,10,10,11,11,11,10,10,10,9,8,7,6,4,2,1,-2,-4,-6,-9,-11,-14,-16,-19,-21,-23,-25,-27,-29,-30,-30,-31,-31,-30,-29,-27,-26,-23,-20,-17,-14,-10,-6,-2,2,6,10,14,18,21,24,27,29,31,33,34,34,34,34,33,32,30,28,26,24,21,18,15,12,10,7,4,2,0,-2,-4,-5,-6,-7,-8,-8,-8,-8,-8,-8,-7,-7,-6,-5,-5,-4,-4,-4,-3,-3,-3,-4,-4,-5,-5,-6,-7,-7,-8,-9,-10,-11,-12,-13,-13,-14,-14,-14,-14,-14,-14,-14,-13,-12,-11,-11,-9,-8,-7,-6,-5,-3,-2,-1,0,2,3,4,5,5,6,7,7,8,8,9,9,9,9,9,9,9,9,9,9,9,8,8,8,8,8,7,7,7,7,6,6,6,6,5,5,5,4,4,4,3,3,2,2,2,1,1,0,0,-1,-1,-2,-3,-3,-4,-4,-5,-5,-6,-6,-7,-7,-8,-8,-8,-9,-9,-9,-9,-9,-9,-9,-9,-8,-8,-7,-7,-6,-5,-4,-3,-2,-1,0,1,2,3,4,5,6,7,8,8,9,10,10,10,10,10,10,10,9,9,8,8,7,6,5,4,3,2,2,1,0,-1,-2,-2,-3,-3,-4,-4,-4,-5,-5,-5,-5,-5,-5,-5,-6,-6,-6,-6,-6,-6,-6,-6,-6,-6,-6,-6,-6,-6,-5,-5,-5,-4,-4,-3,-2,-2,-1,0,1,2,3,4,5,6,7,7,8,9,9,9,10,10,10,9,9,9,8,8,7,6,5,5,4,3,3,2,2,1,1,1,1,1,1,1,1,1,1,1,1,1,0,0,-1,-2,-3,-4,-6,-7,-9,-11,-13,-14,-16,-18,-20,-22,-23,-24,-25,-26,-26,-26,-25,-24,-23,-21,-18,-15,-12,-9,-5,-1,3,7,11,15,19,23,27,30,32,35,36,38,38,39,38,37,36,34,32,29,26,22,19,15,11,8,4,0,-3,-6,-9,-12,-14,-16,-18,-19,-20,-20,-20,-20,-19,-19,-18,-17,-15,-14,-13,-11,-10,-8,-7,-6,-5,-4,-3,-3,-2,-2,-2,-1,-1,-1,-2,-2,-2,-2,-2,-3,-3,-3,-3,-3,-3,-3,-3,-3,-2,-2,-2,-1,-1,0,0,1,1,2,2,3,3,4,4,5,5,5,5,6,6,6,6,6,6,6,6,5,5,5,4,4,4,3,3,2,2,1,1,0,0,-1,-1,-1,-2,-2,-2,-3,-3,-3,-3,-3,-3,-3,-3,-2,-2,-2,-2,-2,-1,-1,-1,-1,-1,-1,-1,-1,-1,-1,-1,-1,-1,-1,-2,-2,-2,-2,-2,-3,-3,-3,-3,-3,-3,-2,-2,-2,-1,-1,0,0,1,1,2,3,3,4,5,5,6,6,6,7,7,7,7,7,6,6,6,5,5,4,4,3,2,2,1,0,0,-1,-1,-2,-2,-3,-3,-3,-4,-4,-4,-4,-4,-4,-4,-4,-4,-4,-4,-4,-4,-4,-4,-4,-4,-3,-3,-3,-3,-3,-3,-3,-3,-3,-3,-3,-3,-3,-2,-2,-2,-1,-1,-1,0,0,1,1,2,3,3,3,4,4,5,5,5,6,6,6,6,6,5,5,5,5,4,4,3,3,2,2,1,1,0,-1,-1,-2,-2,-3,-3,-4,-4,-5,-5,-5,-6,-6,-6,-6,-6,-6,-6,-6,-6,-6,-5,-5,-5,-4,-4,-3,-2,-2,-1,0,0,1,2,3,4,4,5,6,6,7,7,8,8,9,9,9,9,9,9,9,8,8,8,8,7,7,7,7,6,6,6,6,5,5,5,5,4,4,3,3,2,1,1,0,-2,-3,-4,-6,-7,-9,-11,-13,-15,-17,-19,-20,-22,-24,-25,-26,-27,-27,-27,-27,-27,-26,-24,-23,-21,-18,-16,-13,-10,-6,-3,0,4,8,11,14,17,20,23,25,27,28,29,30,30,30,30,29,28,26,25,23,21,19,17,15,12,10,8,6,5,3,2,0,-1,-1,-2,-3,-3,-3,-4,-4,-4,-4,-4,-4,-4,-4,-4,-5,-5,-6,-6,-7,-8,-9,-9,-10,-11,-12,-13,-14,-15,-15,-16,-16,-17,-17,-17,-16,-16,-16,-15,-14,-13,-12,-11,-10,-8,-7,-5,-4,-2,-1,1,2,4,5,7,8,9,10,11,12,12,13,13,14,14,14,14,14,13,13,12,12,11,10,9,9,8,7,6,5,4,3,2,1,0,-1,-2,-2,-3,-3,-4,-4,-5,-5,-5,-5,-5,-5,-5,-5,-5,-5,-4,-4,-4,-4,-4,-3,-3,-3,-3,-3,-3,-3,-3,-2,-2,-2,-2,-2,-2,-2,-2,-2,-2,-2,-1,-1,-1,-1,0,0,1,1,2,2,2,3,3,4,4,5,5,5,6,6,6,6,6,6,6,6,6,5,5,5,4,4,3,2,2,1,1,0,-1,-1,-2,-2,-3,-3,-4,-4,-5,-5,-5,-5,-6,-6,-6,-6,-6,-6,-6,-6,-6,-5,-5,-5,-5,-4,-4,-4,-4,-3,-3,-2,-2,-2,-1,-1,0,0,0,1,1,2,2,2,3,3,3,4,4,4,4,4,4,5,4,4,4,4,4,4,3,3,3,2,2,2,1,1,0,0,0,-1,-1,-1,-2,-2,-2,-2,-2,-2,-2,-2,-2,-1,-1,-1,-1,0,0,0,0,1,1,1,1,1,2,2,2,2,1,1,1,1,1,1,0,0,0,0,0,-1,-1,-1,-1,-1,-1,-1,-1,-1,-1,0,0,0,0,0,0,0,0,0,0,0,0,0,0,-1,-1,-1,-2,-2,-2,-3,-3,-3,-3,-4,-4,-3,-3,-3,-2,-2,-1,-1,0,1,2,3,4,5,6,7,7,8,8,9,9,9,8,8,7,6,5,3,2,0,-2,-4,-6,-8,-9,-11,-13,-14,-15,-16,-17,-18,-18,-18,-17,-16,-15,-14,-12,-10,-8,-5,-3,0,3,5,8,10,13,15,16,18,19,20,21,21,21,20,20,19,17,16,14,12,10,8,6,4,2,0,-2,-4,-5,-7,-8,-9,-10,-10,-10,-10,-10,-10,-9,-9,-8,-7,-6,-5,-4,-3,-3,-2,-1,0,0,1,1,1,2,2,2,2,2,1,1,1,1,0,0,0,0,-1,-1,-1,-1,-1,-2,-2,-2,-2,-2,-2,-2,-2,-2,-1,-1,-1,-1,-1,-1,-1,-1,0,0,0,0,0,0,0,0,0,0,0,-1,-1,-1,-1,-2,-2,-2,-3,-3,-3,-4,-4,-4,-5,-5,-5,-5,-5,-5,-5,-4,-4,-3,-3,-2,-1,0,1,2,3,4,5,6,7,8,9,10,11,11,12,12,12,12,12,12,11,11,10,9,9,8,7,5,4,3,2,1,0,-1,-2,-3,-3,-4,-5,-5,-5,-6,-6,-6,-6,-6,-6,-6,-6,-5,-5,-5,-5,-5,-5,-5,-5,-5,-5,-5,-5,-6,-6,-6,-6,-6,-6,-6,-6,-6,-5,-5,-5,-4,-4,-3,-2,-2,-1,0,1,2,2,3,4,5,5,6,6,6,7,7,7,7,7,7,7,6,6,6,6,5,5,5,5,5,5,5,5,5,5,5,6,6,6,6,6,5,5,5,4,3,2,1,-1,-2,-4,-6,-7,-9,-11,-13,-15,-17,-19,-21,-22,-23,-24,-24,-24,-24,-24,-23,-21,-19,-17,-15,-12,-9,-6,-3,1,4,8,11,14,17,20,23,25,27,28,29,30,30,29,29,28,26,24,22,20,18,15,12,10,7,4,1,-1,-3,-6,-8,-9,-11,-12,-13,-14,-14,-14,-14,-14,-14,-13,-13,-12,-11,-10,-9,-8,-7,-6,-6,-5,-4,-3,-3,-2,-1,-1,0,0,0,1,1,1,2,2,2,2,2,2,3,3,3,3,3,3,3,3,3,3,3,2,2,2,2,1,1,1,1,0,0,0,-1,-1,-1,-2,-2,-2,-3,-3,-3,-4,-4,-4,-5,-5,-5,-5,-6,-6,-6,-6,-7,-7,-7,-7,-7,-6,-6,-6,-5,-5,-4,-3,-2,-1,0,1,2,3,5,6,7,9,10,11,12,13,13,14,14,14,14,14,14,13,13,12,11,10,8,7,6,4,3,1,0,-1,-3,-4,-5,-6,-6,-7,-8,-8,-8,-8,-8,-8,-7,-7,-6,-6,-5,-5,-4,-3,-3,-3,-2,-2,-1,-1,-1,-1,-1,-1,-1,-1,-1,-2,-2,-2,-2,-2,-2,-2,-2,-2,-2,-2,-2,-1,-1,-1,0,0,0,1,1,1,1,2,2,2,2,2,2,2,2,2,2,1,1,1,1,0,0,0,0,0,0,0,0,0,0,0,0,0,0,0,0,1,1,1,1,1,1,1,1,1,1,1,0,0,0,0,-1,-1,-1,-1,-2,-2,-2,-2,-2,-3,-3,-3,-3,-2,-2,-2,-2,-2,-1,-1,0,0,0,1,1,2,2,3,3,4,4,5,5,5,6,6,6,6,6,6,6,6,6,6,6,5,5,4,4,3,2,2,1,0,-1,-2,-3,-3,-4,-5,-6,-6,-7,-8,-8,-8,-9,-9,-9,-9,-9,-9,-8,-8,-7,-7,-6,-5,-5,-4,-3,-2,-2,-1,0,0,1,2,2,2,3,3,3,3,3,3,3,3,3,3,3,3,3,3,3,3,3,3,4,4,4,5,5,5,6,6,6,7,7,7,7,7,7,6,6,5,5,4,3,2,1,0,-1,-2,-4,-5,-6,-7,-7,-8,-9,-9,-9,-10,-10,-10,-9,-9,-8,-8,-7,-6,-5,-5,-4,-3,-2,-1,0,0,1,1,2,2,2,2,3,3,3,3,3,3,3,3,3,3,3,3,3,4,4,4,4,5,5,5,5,5,5,5,5,4,3,3,2,1,-1,-2,-3,-5,-6,-7,-9,-10,-11,-12,-13,-13,-14,-14,-13,-13,-12,-11,-10,-8,-6,-4,-2,0,3,5,8,10,12,14,16,17,19,20,20,21,21,20,20,19,17,16,14,12,10,8,5,3,1,-2,-4,-6,-8,-10,-11,-12,-13,-14,-15,-15,-15,-15,-15,-14,-13,-13,-12,-11,-10,-8,-7,-6,-5,-4,-3,-2,-1,0,1,2,2,3,3,4,4,5,5,5,5,5,6,6,6,6,6,6,6,5,5,5,5,5,4,4,4,3,3,3,2,2,1,1,1,0,0,0,-1,-1,-1,-2,-2,-2,-3,-3,-3,-4,-4,-4,-5,-5,-5,-6,-6,-7,-7,-8,-8,-8,-9,-9,-10,-10,-10,-10,-10,-10,-9,-9,-8,-8,-7,-6,-5,-4,-2,-1,1,2,4,6,7,9,11,12,14,15,16,17,18,19,19,20,20,20,19,19,18,17,16,15,13,12,10,9,7,5,3,1,-1,-2,-4,-6,-7,-8,-10,-11,-12,-13,-13,-14,-14,-15,-15,-15,-14,-14,-14,-13,-13,-12,-12,-11,-10,-10,-9,-8,-7,-7,-6,-5,-5,-4,-3,-3,-2,-2,-1,-1,0,0,0,1,1,2,2,3,3,4,4,5,5,6,6,7,8,8,9,9,9,10,10,10,10,10,10,10,9,9,8,8,7,6,5,4,3,2,1,0,-1,-3,-4,-5,-5,-6,-7,-7,-8,-8,-8,-8,-8,-8,-8,-7,-6,-6,-5,-4,-3,-2,-2,-1,0,1,2,2,3,3,3,4,4,4,3,3,3,2,2,1,0,0,-1,-2,-2,-3,-3,-4,-4,-4,-5,-5,-5,-5,-4,-4,-4,-3,-2,-2,-1,0,0,1,2,2,3,4,4,5,5,6,6,6,6,6,6,6,5,5,5,4,4,3,3,2,2,1,1,0,0,0,-1,-1,-1,-1,-1,-1,-1,-1,-1,-1,-1,-1,-1,-1,-1,-1,-1,-1,-1,-1,-1,-1,-1,-2,-2,-2,-2,-2,-2,-2,-2,-2,-2,-2,-2,-1,-1,-1,-1,-1,-1,-1,-1,-1,-1,-1,-1,-1,-2,-2,-3,-3,-4,-5,-5,-6,-7,-7,-8,-8,-8,-9,-9,-8,-8,-8,-7,-6,-5,-3,-2,0,1,3,5,7,9,11,13,15,16,18,19,20,21,21,21,21,20,19,18,17,15,13,11,8,6,3,0,-2,-5,-8,-10,-13,-15,-17,-18,-20,-21,-22,-22,-22,-22,-22,-21,-20,-18,-17,-15,-13,-11,-9,-7,-5,-3,0,2,4,6,8,9,11,12,13,14,15,15,16,16,16,16,15,15,14,13,12,11,10,9,8,7,5,4,3,2,0,-1,-2,-3,-4,-5,-6,-6,-7,-8,-8,-9,-9,-9,-10,-10,-10,-10,-10,-10,-10,-10,-10,-10,-10,-10,-10,-10,-9,-9,-9,-9,-8,-8,-7,-7,-6,-5,-5,-4,-3,-2,-1,0,1,3,4,5,6,8,9,10,11,12,13,14,15,16,16,16,17,17,17,16,16,15,15,14,13,12,11,9,8,7,5,4,2,1,-1,-2,-4,-5,-6,-7,-9,-10,-11,-11,-12,-13,-13,-14,-14,-14,-14,-14,-14,-14,-13,-13,-12,-12,-11,-10,-9,-8,-7,-6,-5,-4,-3,-2,0,1,2,3,4,5,6,7,7,8,8,9,9,9,10,10,9,9,9,9,8,8,7,7,6,6,5,4,4,3,2,2,1,1,0,-1,-1,-2,-2,-2,-3,-3,-4,-4,-4,-5,-5,-5,-5,-5,-5,-5,-6,-5,-5,-5,-5,-5,-5,-4,-4,-3,-3,-2,-2,-1,-1,0,0,1,2,2,3,3,4,4,4,4,5,5,5,4,4,4,4,3,3,2,2,1,1,0,0,-1,-1,-2,-2,-2,-2,-2,-2,-2,-2,-2,-2,-1,-1,0,0,1,1,2,2,3,3,3,3,4,4,4,3,3,3,3,2,2,1,1,0,0,0,-1,-1,-1,-1,-2,-2,-1,-1,-1,-1,0,0,1,1,1,2,2,2,2,3,2,2,2,1,1,0,-1,-2,-4,-5,-6,-7,-9,-10,-11,-12,-13,-14,-15,-15,-15,-15,-15,-14,-13,-12,-11,-9,-7,-5,-3,-1,2,4,6,9,11,13,15,16,18,19,20,20,20,20,20,20,19,18,16,15,13,12,10,8,6,4,3,1,-1,-2,-4,-5,-6,-7,-8,-8,-9,-9,-9,-9,-9,-9,-9,-8,-8,-8,-7,-7,-6,-6,-5,-5,-4,-4,-3,-3,-2,-2,-1,-1,0,0,0,1,1,2,2,2,3,3,3,3,3,3,3,3,3,3,3,2,2,1,1,0,0,-1,-2,-2,-3,-3,-4,-4,-5,-5,-6,-6,-6,-6,-6,-6,-6,-5,-5,-5,-4,-4,-3,-3,-2,-2,-1,0,0,1,1,2,2,2,3,3,3,3,4,4,4,4,4,4,4,4,4,4,4,4,4,4,4,4,4,4,4,4,4,4,4,4,4,3,3,3,3,2,2,1,1,1,0,0,-1,-1,-2,-2,-2,-2,-3,-3,-3,-3,-3,-3,-3,-3,-3,-2,-2,-2,-1,-1,-1,0,0,0,0,1,1,1,1,1,1,1,1,1,1,0,0,0,0,-1,-1,-1,-1,-2,-2,-2,-3,-3,-3,-3,-3,-4,-4,-4,-4,-4,-4,-4,-4,-4,-4,-4,-4,-4,-4,-4,-4,-4,-4,-4,-4,-3,-3,-3,-2,-1,-1,0,1,2,2,3,4,5,6,7,8,9,10,10,11,11,12,12,12,12,11,11,10,10,9,8,7,7,6,5,4,3,2,2,1,0,0,0,0,0,0,0,0,0,0,0,0,0,0,-1,-1,-2,-3,-4,-5,-7,-9,-11,-13,-15,-17,-19,-22,-24,-26,-27,-29,-30,-31,-32,-32,-31,-30,-29,-27,-25,-22,-19,-15,-11,-6,-2,3,8,13,18,23,27,31,35,39,42,44,46,47,48,47,47,46,44,41,39,35,32,28,24,19,15,11,6,2,-2,-6,-10,-13,-16,-19,-21,-23,-25,-26,-27,-27,-27,-27,-26,-26,-25,-24,-22,-21,-19,-18,-16,-15,-13,-12,-10,-9,-7,-6,-5,-3,-2,-1,0,1,2,2,3,4,4,5,5,6,6,7,7,7,7,7,7,7,7,7,7,7,6,6,5,5,4,4,3,2,2,1,0,0,-1,-2,-2,-3,-3,-3,-4,-4,-4,-5,-5,-5,-5,-5,-5,-5,-5,-4,-4,-4,-3,-3,-3,-2,-2,-1,0,0,1,2,2,3,4,4,5,6,7,7,8,8,9,9,10,10,10,10,10,10,10,9,9,8,8,7,6,5,4,3,2,1,0,-1,-2,-4,-5,-6,-7,-7,-8,-9,-9,-10,-10,-11,-11,-11,-11,-11,-11,-10,-10,-10,-9,-9,-8,-8,-7,-7,-6,-6,-5,-4,-4,-3,-2,-2,-1,0,0,1,2,3,3,4,5,6,7,8,8,9,10,11,11,12,13,13,13,13,14,13,13,13,12,12,11,10,9,7,6,4,3,1,-1,-2,-4,-6,-7,-9,-10,-11,-12,-13,-14,-15,-15,-15,-15,-15,-15,-14,-13,-12,-11,-10,-9,-8,-7,-5,-4,-3,-2,-1,0,1,2,3,3,4,4,5,5,5,5,5,5,5,5,5,5,5,5,5,6,6,6,6,6,6,7,7,7,7,7,7,7,7,7,7,7,6,6,5,5,4,4,3,3,2,2,1,0,0,0,-1,-1,-2,-2,-2,-3,-3,-3,-4,-4,-5,-5,-6,-6,-7,-8,-9,-10,-10,-11,-12,-13,-14,-15,-16,-16,-17,-17,-17,-17,-16,-16,-15,-14,-12,-11,-9,-7,-5,-3,0,2,5,7,10,12,14,16,18,20,21,22,23,23,23,23,22,21,20,19,18,16,14,12,10,8,6,5,3,1,0,-2,-3,-4,-5,-6,-6,-7,-7,-7,-7,-7,-6,-6,-6,-5,-5,-5,-4,-4,-4,-4,-3,-3,-3,-3,-3,-4,-4,-4,-4,-4,-4,-4,-5,-5,-5,-5,-5,-5,-5,-4,-4,-4,-4,-4,-3,-3,-3,-3,-2,-2,-2,-2,-2,-2,-1,-1,-1,-1,-1,-1,-1,-1,0,0,0,0,1,1,1,1,2,2,2,3,3,3,3,3,3,3,3,3,3,3,3,3,3,3,2,2,2,2,2,2,1,1,1,1,2,2,2,2,2,2,3,3,3,3,3,3,3,3,3,3,3,2,2,1,1,0,0,-1,-2,-2,-3,-3,-4,-4,-5,-5,-5,-5,-5,-5,-5,-5,-4,-4,-3,-3,-2,-1,-1,0,1,1,2,2,2,3,3,3,3,3,3,3,2,2,1,1,0,0,-1,-1,-2,-2,-2,-3,-3,-3,-3,-3,-3,-3,-3,-2,-2,-1,-1,0,0,0,1,1,2,2,2,2,2,3,2,2,2,2,1,1,1,0,0,-1,-1,-1,-2,-2,-2,-3,-3,-3,-3,-3,-2,-2,-2,-1,-1,0,0,1,1,2,2,2,3,3,3,3,3,3,3,3,3,2,2,1,1,0,0,-1,-1,-2,-2,-3,-3,-3,-3,-3,-3,-3,-3,-3,-2,-2,-2,-1,-1,0,0,1,1,2,2,3,3,3,3,3,3,3,3,3,3,3,3,2,2,2,1,1,1,0,0,0,0,-1,-1,-1,-1,-1,-1,-1,-1,-1,-1,-1,-1,-1,-1,-2,-2,-2,-2,-2,-2,-2,-3,-3,-3,-3,-3,-3,-3,-3,-3,-3,-3,-3,-3,-3,-2,-2,-2,-2,-1,-1,0,0,0,1,1,2,2,3,3,4,4,5,5,6,6,7,7,8,8,9,9,10,10,10,10,10,10,10,9,8,8,7,6,4,3,1,0,-2,-4,-6,-8,-10,-12,-14,-16,-18,-19,-20,-22,-22,-23,-23,-23,-23,-22,-21,-20,-18,-16,-14,-12,-9,-6,-4,-1,2,5,7,10,12,14,16,17,19,19,20,20,20,20,20,19,18,17,15,14,13,11,10,8,7,5,4,3,2,1,1,0,0,-1,-1,-1,-1,-1,-1,-1,0,0,0,0,0,0,0,-1,-1,-1,-2,-2,-3,-3,-4,-4,-5,-5,-5,-6,-6,-6,-6,-7,-7,-6,-6,-6,-6,-6,-5,-5,-5,-4,-4,-4,-3,-3,-3,-3,-2,-2,-2,-2,-2,-2,-2,-2,-2,-2,-2,-2,-2,-2,-2,-2,-2,-2,-2,-2,-2,-2,-2,-2,-2,-2,-2,-2,-2,-2,-2,-2,-2,-2,-2,-2,-1,-1,-1,0,0,1,2,3,4,5,6,7,8,9,10,12,13,14,15,15,16,16,17,17,17,17,16,15,14,13,12,11,9,7,6,4,2,0,-2,-4,-5,-7,-9,-10,-11,-12,-13,-14,-14,-15,-15,-15,-15,-15,-14,-14,-13,-12,-12,-11,-10,-10,-9,-8,-8,-7,-7,-6,-6,-5,-5,-5,-4,-4,-3,-3,-3,-2,-2,-1,-1,0,1,2,3,3,4,5,6,7,8,9,10,10,11,11,12,12,12,12,12,12,12,11,11,10,9,8,7,6,5,4,3,2,1,0,-1,-2,-3,-3,-4,-5,-5,-6,-6,-6,-6,-6,-6,-6,-6,-6,-6,-6,-5,-5,-5,-5,-4,-4,-4,-4,-3,-3,-3,-3,-3,-3,-3,-2,-2,-2,-2,-2,-2,-2,-2,-2,-2,-2,-2,-2,-2,-1,-1,-1,-1,0,0,1,1,2,2,3,3,4,4,5,6,6,7,7,8,8,8,8,9,9,8,8,8,7,7,6,6,5,4,4,3,2,2,1,0,0,-1,-1,-1,-2,-2,-2,-2,-2,-2,-2,-2,-2,-2,-2,-2,-3,-3,-4,-4,-5,-6,-7,-9,-10,-11,-13,-14,-16,-17,-18,-19,-20,-21,-21,-21,-21,-21,-20,-18,-17,-15,-12,-10,-7,-4,0,3,7,10,14,17,20,23,26,28,30,31,32,33,33,33,32,31,29,27,25,22,19,16,13,10,7,3,0,-3,-5,-8,-10,-12,-14,-15,-16,-17,-17,-17,-17,-17,-16,-15,-14,-13,-12,-11,-10,-8,-7,-6,-5,-4,-3,-3,-2,-2,-1,-1,-1,-1,-1,-1,-1,-1,-1,-1,-1,-1,-1,-1,-1,-1,-1,-1,0,0,0,1,1,1,2,2,2,2,3,3,3,3,3,3,3,3,3,3,2,2,2,1,1,1,0,0,0,-1,-1,-1,-2,-2,-2,-2,-2,-3,-3,-3,-3,-3,-2,-2,-2,-2,-2,-1,-1,-1,-1,0,0,0,1,1,1,2,2,2,3,3,3,3,3,3,4,4,4,4,3,3,3,3,3,3,2,2,2,2,1,1,1,0,0,0,0,-1,-1,-1,-1,-1,-1,-1,-1,-1,-1,-1,-1,-1,-1,-1,-1,-1,-1,0,0,0,0,0,0,0,1,1,1,1,1,1,1,1,1,1,1,1,1,1,1,0,0,0,0,0,-1,-1,-1,-1,-2,-2,-2,-3,-3,-3,-3,-4,-4,-4,-4,-4,-4,-4,-4,-4,-4,-4,-3,-3,-3,-3,-3,-2,-2,-2,-1,-1,-1,0,0,0,1,1,1,2,2,2,2,3,3,3,4,4,4,5,5,5,6,6,6,6,6,7,7,7,7,7,7,6,6,6,6,5,5,4,4,4,3,3,2,2,1,1,0,0,-1,-1,-2,-2,-3,-3,-4,-4,-5,-5,-6,-7,-7,-8,-9,-10,-10,-11,-12,-13,-14,-14,-15,-16,-16,-17,-17,-17,-17,-16,-16,-15,-14,-13,-11,-10,-8,-6,-4,-2,1,3,6,8,11,13,16,18,20,21,23,24,25,26,27,27,27,26,26,25,23,22,20,18,17,15,12,10,8,6,4,2,0,-2,-4,-5,-7,-8,-9,-10,-11,-11,-12,-12,-13,-13,-13,-13,-13,-13,-13,-12,-12,-12,-12,-11,-11,-11,-10,-10,-9,-9,-9,-8,-8,-7,-7,-6,-6,-6,-5,-5,-4,-4,-3,-3,-2,-2,-1,-1,-1,0,0,1,1,1,2,2,3,3,3,4,4,4,5,5,6,6,6,7,7,7,7,8,8,8,8,8,8,8,8,7,7,7,6,6,5,4,4,3,2,2,1,0,0,-1,-2,-2,-3,-3,-4,-4,-4,-4,-4,-4,-4,-4,-4,-4,-3,-3,-3,-2,-2,-2,-1,-1,-1,0,0,0,0,0,0,0,0,0,0,0,0,-1,-1,-1,-1,-1,-2,-2,-2,-2,-2,-2,-2,-2,-2,-2,-2,-2,-2,-1,-1,-1,0,0,0,1,1,2,2,2,3,3,4,4,4,4,4,5,5,5,5,4,4,4,4,3,3,3,2,2,1,1,0,0,-1,-2,-2,-3,-3,-3,-4,-4,-5,-5,-5,-5,-5,-6,-6,-6,-6,-6,-5,-5,-5,-5,-5,-4,-4,-4,-3,-3,-3,-2,-2,-2,-1,-1,-1,0,0,1,1,1,2,2,2,3,3,3,4,4,4,5,5,5,5,6,6,6,6,6,6,7,7,7,6,6,6,6,6,5,5,5,4,4,3,3,2,2,1,0,0,-1,-1,-2,-2,-3,-3,-3,-4,-4,-4,-4,-4,-4,-4,-3,-3,-3,-2,-2,-1,-1,-1,0,0,0,0,0,0,0,-1,-1,-2,-3,-4,-5,-6,-7,-8,-10,-11,-12,-13,-14,-15,-15,-16,-16,-16,-16,-15,-15,-14,-12,-11,-9,-7,-5,-2,0,3,5,8,11,13,15,17,19,21,22,23,24,25,25,24,24,23,22,20,19,17,15,13,10,8,6,4,1,-1,-3,-4,-6,-7,-9,-10,-10,-11,-11,-11,-11,-11,-11,-10,-9,-9,-8,-7,-7,-6,-5,-4,-4,-3,-2,-2,-2,-1,-1,-1,0,0,0,0,0,0,0,0,1,1,1,1,1,2,2,2,2,2,3,3,3,3,3,3,2,2,2,1,1,0,-1,-2,-2,-3,-4,-5,-6,-7,-8,-9,-10,-11,-11,-12,-12,-13,-13,-13,-13,-12,-12,-11,-10,-9,-8,-7,-5,-4,-2,-1,1,3,4,6,7,9,10,12,13,14,15,16,16,17,17,17,17,17,17,17,16,16,15,14,13,12,12,11,10,9,8,6,5,4,3,2,1,0,0,-1,-2,-3,-4,-5,-6,-7,-8,-8,-9,-10,-11,-11,-12,-13,-13,-14,-14,-15,-15,-15,-15,-15,-15,-15,-15,-14,-14,-13,-12,-11,-10,-9,-8,-7,-5,-4,-3,-1,0,2,3,4,6,7,8,9,10,11,11,12,12,12,12,12,12,12,11,11,10,9,8,8,7,6,5,4,3,2,2,1,1,0,0,0,-1,-1,-1,0,0,0,0,1,1,1,1,2,2,2,2,2,2,2,1,1,0,0,-1,-2,-3,-3,-4,-5,-6,-6,-7,-7,-8,-8,-8,-8,-8,-7,-7,-6,-5,-4,-3,-2,0,1,2,3,4,5,6,7,7,7,7,7,6,5,4,3,1,0,-2,-4,-7,-9,-11,-13,-15,-16,-18,-19,-20,-20,-21,-20,-20,-19,-17,-15,-13,-10,-8,-4,-1,2,6,10,13,17,20,23,25,28,30,31,32,33,33,32,32,30,29,27,24,21,18,15,12,9,5,2,-1,-5,-8,-10,-13,-15,-17,-18,-19,-20,-21,-21,-21,-21,-20,-19,-18,-17,-16,-15,-14,-12,-11,-10,-8,-7,-6,-5,-4,-3,-2,-1,-1,0,1,1,2,2,3,3,4,4,4,5,5,6,6,7,7,8,8,8,9,9,9,9,9,9,9,9,8,8,7,6,5,5,4,3,2,0,-1,-2,-3,-4,-5,-6,-7,-8,-8,-9,-10,-10,-10,-11,-11,-11,-11,-11,-10,-10,-9,-9,-8,-8,-7,-6,-5,-5,-4,-3,-2,-1,0,0,1,2,2,3,4,4,5,5,6,6,6,7,7,7,7,7,8,8,8,8,8,8,8,8,8,8,7,7,7,7,7,7,6,6,6,5,5,4,4,3,3,2,2,1,0,0,-1,-1,-2,-2,-3,-3,-3,-4,-4,-4,-4,-4,-4,-4,-4,-4,-4,-4,-4,-4,-4,-4,-5,-5,-5,-5,-5,-5,-6,-6,-6,-6,-6,-7,-7,-6,-6,-6,-6,-5,-4,-4,-3,-2,-1,1,2,3,4,5,7,8,8,9,10,10,10,10,9,8,7,6,4,2,0,-2,-5,-7,-10,-12,-14,-17,-19,-20,-21,-22,-23,-23,-22,-21,-20,-18,-16,-13,-10,-6,-2,2,6,10,14,18,22,26,29,32,34,36,37,38,38,38,36,35,33,30,27,23,19,15,11,7,2,-2,-6,-10,-14,-17,-20,-23,-25,-26,-28,-28,-29,-29,-28,-27,-26,-25,-23,-21,-19,-16,-14,-11,-9,-7,-4,-2,0,2,4,6,7,9,10,11,12,12,13,13,14,14,14,14,13,13,13,12,11,11,10,9,8,7,6,4,3,2,0,-1,-3,-4,-5,-7,-8,-9,-11,-12,-13,-14,-14,-15,-15,-16,-16,-16,-15,-15,-14,-14,-13,-12,-11,-9,-8,-7,-5,-4,-3,-1,0,1,3,4,5,6,7,8,9,9,10,10,11,11,12,12,12,12,12,12,12,12,12,12,12,12,11,11,11,10,10,9,9,8,7,7,6,5,4,3,2,1,0,-1,-3,-4,-5,-6,-7,-8,-9,-10,-11,-12,-12,-13,-13,-14,-14,-14,-14,-14,-14,-13,-13,-12,-11,-11,-10,-9,-8,-6,-5,-4,-3,-2,-1,0,2,3,3,4,5,6,6,7,7,8,8,8,8,8,8,8,8,8,7,7,7,6,6,6,5,5,5,5,4,4,4,4,4,4,4,3,3,3,3,3,3,2,2,2,2,1,1,1,0,0,0,-1,-1,-1,-2,-2,-2,-3,-3,-3,-3,-3,-4,-4,-4,-4,-5,-5,-5,-6,-6,-7,-7,-8,-9,-9,-10,-11,-12,-12,-13,-14,-14,-15,-15,-15,-15,-15,-15,-14,-13,-12,-11,-10,-8,-6,-4,-2,1,3,5,8,10,13,15,17,19,21,22,23,24,25,25,25,25,24,23,22,21,20,18,16,14,13,11,9,7,5,3,2,1,-1,-2,-3,-3,-4,-5,-5,-5,-5,-5,-5,-5,-5,-5,-5,-5,-5,-5,-5,-6,-6,-7,-7,-8,-8,-9,-10,-11,-11,-12,-12,-13,-14,-14,-14,-14,-14,-14,-14,-14,-13,-12,-12,-11,-10,-9,-8,-7,-5,-4,-3,-2,-1,1,2,3,4,5,6,7,7,8,8,9,9,10,10,10,10,10,10,10,9,9,9,9,8,8,7,7,7,6,6,5,5,5,4,4,4,3,3,3,3,3,3,3,2,2,2,2,2,2,2,2,2,2,2,1,1,1,0,0,-1,-1,-2,-3,-3,-4,-5,-6,-6,-7,-8,-8,-9,-9,-10,-10,-10,-10,-11,-10,-10,-10,-10,-9,-9,-8,-7,-7,-6,-5,-4,-3,-2,-1,0,1,2,3,3,4,5,6,6,7,8,8,9,9,9,10,10,10,10,10,10,10,10,9,9,9,8,8,7,6,6,5,4,3,2,1,0,-1,-2,-3,-4,-5,-5,-6,-7,-8,-8,-9,-9,-9,-10,-10,-10,-10,-10,-9,-9,-9,-8,-8,-7,-7,-6,-5,-5,-4,-4,-3,-2,-2,-1,-1,0,0,0,1,1,1,2,2,2,2,3,3,3,4,4,4,5,5,5,6,6,6,7,7,8,8,8,8,9,9,9,9,9,9,9,9,8,8,7,7,6,6,5,4,3,3,2,1,0,-1,-2,-2,-3,-4,-4,-5,-5,-6,-6,-6,-6,-6,-6,-6,-6,-6,-6,-6,-6,-6,-6,-6,-7,-7,-7,-8,-8,-9,-10,-10,-11,-12,-13,-13,-14,-15,-15,-15,-16,-16,-15,-15,-14,-13,-12,-11,-9,-7,-5,-3,-1,2,5,7,10,13,16,19,21,23,26,27,29,30,31,32,32,32,31,30,29,27,25,23,20,18,15,12,9,5,2,-1,-4,-7,-9,-12,-14,-16,-18,-19,-20,-21,-22,-22,-22,-22,-22,-21,-20,-19,-18,-17,-16,-14,-13,-11,-10,-8,-7,-5,-4,-3,-1,0,1,2,3,4,5,6,6,7,7,8,8,9,9,9,9,10,10,10,9,9,9,9,8,8,7,7,6,5,5,4,3,2,1,0,-1,-2,-3,-4,-5,-6,-7,-8,-9,-9,-10,-11,-11,-11,-11,-12,-12,-11,-11,-11,-10,-10,-9,-8,-7,-7,-6,-5,-3,-2,-1,0,1,2,3,4,5,6,7,8,8,9,10,10,10,10,11,11,10,10,10,10,9,9,8,8,7,7,6,6,5,5,4,4,3,3,2,2,2,1,1,1,1,0,0,0,0,0,0,0,-1,-1,-1,-1,-2,-2,-2,-2,-3,-3,-4,-4,-4,-5,-5,-5,-6,-6,-6,-7,-7,-7,-7,-7,-7,-7,-7,-7,-7,-7,-6,-6,-6,-5,-5,-4,-4,-4,-3,-3,-2,-2,-2,-1,-1,-1,0,0,0,0,0,1,1,1,1,1,2,2,2,2,3,3,4,4,5,5,5,6,6,7,7,8,8,8,8,9,9,8,8,8,8,7,7,6,5,5,4,3,3,2,1,0,0,-1,-1,-1,-1,-1,-1,-1,-1,0,0,0,1,1,2,2,2,2,2,2,2,1,0,-1,-2,-3,-5,-7,-9,-11,-13,-15,-18,-20,-22,-23,-25,-26,-27,-27,-28,-27,-26,-25,-23,-21,-19,-16,-13,-9,-5,-1,3,7,11,16,19,23,26,29,32,34,36,37,37,37,37,36,34,32,30,27,24,21,18,15,11,8,4,1,-2,-4,-7,-9,-11,-12,-14,-15,-15,-16,-16,-16,-15,-15,-14,-14,-13,-12,-11,-11,-10,-10,-9,-9,-9,-8,-8,-8,-8,-8,-8,-8,-7,-7,-7,-6,-6,-5,-4,-3,-2,-1,0,1,2,4,5,6,7,8,9,10,10,11,11,11,11,10,10,9,8,7,6,4,3,2,0,-1,-3,-4,-5,-6,-7,-8,-9,-9,-10,-10,-10,-10,-9,-9,-8,-8,-7,-6,-6,-5,-4,-3,-3,-2,-2,-1,0,0,1,1,1,2,2,2,3,3,4,4,5,5,6,7,8,8,9,10,10,11,12,12,13,13,13,13,13,13,13,12,11,10,9,8,7,5,4,2,1,-1,-3,-4,-6,-7,-9,-10,-11,-12,-13,-13,-14,-14,-14,-14,-13,-13,-12,-12,-11,-10,-9,-8,-7,-6,-6,-5,-4,-4,-3,-2,-2,-2,-1,-1,-1,-1,-1,-1,-1,0,0,0,0,0,1,1,2,2,3,4,4,5,6,7,7,8,9,9,10,10,10,10,10,10,10,9,8,8,7,6,4,3,2,1,-1,-2,-3,-4,-5,-6,-7,-8,-8,-9,-9,-9,-9,-8,-8,-7,-6,-5,-4,-3,-2,-1,0,1,2,3,4,4,5,5,5,6,6,5,5,5,4,4,3,3,2,1,1,0,0,0,-1,-1,-1,-1,-1,0,0,0,1,1,1,2,2,2,2,2,2,2,1,1,0,-1,-2,-4,-5,-6,-8,-9,-11,-12,-14,-15,-16,-16,-17,-17,-17,-17,-16,-15,-14,-12,-10,-8,-6,-3,-1,2,5,8,11,13,16,18,20,22,23,24,25,26,26,25,25,24,22,21,19,17,15,12,10,7,5,2,0,-3,-5,-7,-9,-10,-12,-13,-14,-15,-15,-16,-16,-16,-15,-15,-14,-13,-12,-11,-10,-9,-8,-7,-6,-5,-3,-2,-1,0,1,1,2,3,3,4,4,5,5,5,5,5,5,4,4,4,3,3,2,2,1,1,0,0,-1,-1,-1,-2,-2,-2,-2,-2,-2,-2,-2,-2,-2,-2,-1,-1,-1,-1,0,0,0,0,0,0,0,0,0,0,0,-1,-1,-1,-2,-2,-2,-2,-3,-3,-3,-3,-2,-2,-2,-2,-1,0,0,1,2,3,3,4,5,6,7,7,8,8,9,9,9,9,9,9,8,8,7,6,5,4,3,2,1,0,-1,-3,-4,-5,-5,-6,-7,-7,-8,-8,-8,-8,-8,-8,-7,-7,-6,-6,-5,-5,-4,-3,-3,-2,-1,-1,0,0,1,1,1,2,2,2,2,2,2,2,2,2,2,2,2,2,2,2,2,2,2,2,2,2,2,3,3,3,3,3,3,3,3,3,3,3,2,2,1,1,0,0,-1,-2,-2,-3,-4,-4,-5,-6,-6,-6,-7,-7,-7,-7,-7,-7,-7,-6,-6,-5,-4,-4,-3,-2,-1,-1,0,1,2,2,3,4,4,4,5,5,5,5,5,5,5,5,5,4,4,4,3,3,3,2,2,2,2,2,2,2,2,2,2,2,2,2,2,2,2,2,2,2,2,2,2,2,1,1,0,0,-1,-1,-2,-2,-3,-3,-4,-4,-5,-5,-5,-5,-5,-5,-5,-5,-5,-5,-4,-4,-4,-3,-3,-2,-2,-1,-1,-1,0,0,0,0,0,0,0,0,0,0,0,0,0,0,0,0,0,0,0,0,1,1,1,2,2,3,4,4,5,5,6,6,6,7,7,7,7,7,7,6,6,6,5,5,4,3,3,2,1,1,0,-1,-1,-2,-2,-2,-3,-3,-3,-4,-4,-4,-4,-4,-5,-5,-5,-6,-6,-7,-7,-8,-9,-9,-10,-11,-12,-12,-13,-13,-14,-14,-14,-14,-13,-13,-12,-11,-10,-9,-7,-5,-3,-1,1,3,5,8,10,12,14,16,18,19,21,22,22,23,23,23,22,22,21,20,18,17,15,13,11,9,7,5,3,1,0,-2,-3,-5,-6,-7,-7,-8,-8,-9,-9,-9,-9,-8,-8,-8,-8,-7,-7,-7,-6,-6,-6,-6,-6,-6,-6,-6,-6,-7,-7,-7,-7,-7,-7,-8,-8,-7,-7,-7,-7,-6,-6,-5,-4,-4,-3,-2,-1,0,1,2,3,4,5,6,6,7,7,8,8,8,8,8,8,7,7,7,6,5,5,4,3,2,1,1,0,-1,-1,-2,-2,-3,-3,-3,-4,-4,-4,-4,-4,-3,-3,-3,-3,-2,-2,-2,-1,-1,-1,-1,0,0,0,0,0,0,0,0,0,1,1,1,1,1,1,1,1,1,1,1,2,2,2,2,2,2,3,3,3,3,3,3,3,3,3,3,3,2,2,2,2,2,1,1,1,1,1,0,0,0,0,0,0,0,0,0,0,0,0,0,0,0,0,0,0,0,0,-1,-1,-1,-2,-2,-3,-3,-4,-5,-5,-6,-6,-7,-7,-7,-8,-8,-8,-8,-7,-7,-7,-6,-6,-5,-4,-3,-2,-1,0,1,2,3,3,4,5,6,6,7,7,8,8,8,8,8,7,7,7,6,6,5,4,4,3,3,2,2,1,1,1,0,0,0,0,0,0,0,0,0,0,0,0,0,0,0,-1,-1,-1,-1,-2,-2,-3,-3,-4,-4,-5,-5,-6,-6,-7,-7,-7,-7,-7,-7,-7,-7,-7,-6,-5,-5,-4,-3,-2,-1,0,1,2,3,4,5,6,7,8,8,9,9,10,10,10,10,10,9,9,8,7,7,6,5,4,3,2,1,1,0,-1,-1,-2,-2,-2,-2,-2,-2,-1,-1,0,0,1,2,2,3,4,4,5,5,5,5,5,4,3,2,1,0,-2,-4,-6,-8,-11,-13,-15,-18,-20,-22,-24,-26,-27,-28,-29,-30,-29,-29,-28,-26,-25,-22,-20,-16,-13,-9,-5,-1,3,8,12,16,21,24,28,31,34,37,39,40,41,41,41,41,39,38,36,33,30,27,23,20,16,12,8,4,1,-3,-6,-9,-12,-15,-17,-18,-20,-21,-22,-22,-22,-22,-21,-21,-20,-19,-17,-16,-15,-13,-12,-10,-9,-8,-7,-6,-5,-4,-3,-3,-2,-2,-2,-2,-2,-1,-1,-2,-2,-2,-2,-2,-1,-1,-1,-1,0,0,0,1,1,2,3,3,4,4,5,5,6,6,6,6,6,6,6,6,5,5,4,3,2,2,1,0,-1,-2,-3,-4,-4,-5,-5,-6,-6,-6,-6,-6,-5,-5,-4,-3,-2,-1,0,1,2,3,4,6,7,7,8,9,9,10,10,10,10,10,9,9,8,7,7,6,5,4,3,2,1,0,-1,-2,-2,-3,-3,-4,-4,-4,-5,-5,-5,-5,-4,-4,-4,-4,-4,-4,-4,-4,-4,-5,-5,-5,-5,-6,-6,-7,-7,-8,-8,-8,-8,-9,-9,-9,-9,-8,-8,-7,-7,-6,-5,-4,-2,-1,0,1,3,4,6,7,8,9,10,11,12,13,13,14,14,14,13,13,12,12,11,10,9,8,7,6,4,3,2,1,0,-1,-2,-2,-3,-4,-4,-4,-5,-5,-5,-5,-5,-4,-4,-4,-4,-4,-4,-3,-3,-3,-3,-3,-4,-4,-4,-4,-5,-5,-5,-6,-6,-6,-7,-7,-7,-8,-8,-8,-8,-8,-7,-7,-7,-6,-5,-5,-4,-3,-2,-1,0,1,2,3,4,5,6,7,8,8,9,9,9,9,9,9,9,9,9,8,8,8,7,7,7,6,6,6,6,6,6,6,6,7,7,7,8,8,8,8,8,8,7,7,6,5,4,2,0,-2,-4,-6,-9,-11,-14,-17,-19,-22,-24,-27,-29,-30,-31,-32,-33,-33,-32,-31,-30,-28,-25,-22,-19,-15,-12,-7,-3,1,5,10,14,18,21,24,27,29,31,33,33,33,33,32,31,29,27,25,22,19,16,13,9,6,3,1,-2,-4,-6,-7,-8,-9,-9,-9,-9,-8,-7,-6,-5,-3,-2,0,1,3,4,5,6,7,7,7,7,7,6,5,4,3,1,-1,-2,-4,-6,-7,-9,-11,-12,-13,-14,-15,-15,-16,-16,-16,-16,-15,-14,-13,-12,-11,-10,-9,-8,-7,-5,-4,-3,-2,-1,0,0,1,1,2,2,2,2,2,2,2,2,2,1,1,1,1,1,1,1,1,1,1,1,2,2,2,3,3,4,4,5,6,6,7,7,8,8,8,9,9,9,9,9,9,9,9,9,9,8,8,7,7,6,6,5,4,3,3,2,1,0,-1,-1,-2,-3,-3,-4,-5,-5,-6,-6,-6,-7,-7,-7,-7,-7,-7,-7,-7,-7,-7,-7,-7,-6,-6,-6,-6,-5,-5,-5,-5,-4,-4,-4,-4,-3,-3,-3,-2,-2,-1,-1,-1,0,0,1,1,2,3,3,4,4,5,5,6,6,6,6,7,7,7,7,7,7,6,6,6,5,5,4,3,3,2,1,1,0,-1,-1,-2,-2,-3,-3,-4,-4,-4,-4,-4,-4,-4,-4,-4,-4,-3,-3,-3,-2,-2,-2,-1,-1,-1,0,0,0,0,0,0,0,0,0,0,0,0,-1,-1,-1,-1,-2,-2,-2,-3,-3,-3,-3,-3,-3,-3,-3,-3,-3,-3,-2,-2,-2,-1,-1,0,1,1,2,3,3,4,5,5,6,7,7,7,8,8,8,8,8,8,8,8,8,7,7,6,5,5,4,3,2,1,0,0,-1,-2,-3,-4,-4,-5,-5,-6,-6,-7,-7,-7,-7,-7,-7,-7,-7,-6,-6,-6,-5,-5,-4,-4,-4,-3,-3,-2,-2,-1,-1,-1,-1,0,0,0,0,0,0,0,0,0,0,0,0,-1,-1,-1,-1,-1,-1,-1,-1,-1,-1,-1,-1,-1,-1,0,0,1,1,2,3,4,4,5,6,7,7,8,9,9,10,10,10,10,10,10,9,8,8,7,6,5,3,2,1,-1,-2,-3,-4,-5,-6,-7,-8,-8,-9,-9,-8,-8,-7,-7,-6,-5,-4,-2,-1,0,1,2,3,4,5,5,6,6,5,5,4,3,2,1,-1,-3,-5,-6,-8,-10,-12,-14,-15,-16,-17,-18,-18,-18,-18,-17,-16,-15,-13,-11,-9,-6,-4,-1,2,5,7,10,12,15,17,18,20,21,22,22,22,22,21,20,19,17,16,14,12,10,8,6,4,2,0,-2,-3,-5,-6,-7,-8,-8,-8,-9,-8,-8,-8,-7,-7,-6,-5,-5,-4,-3,-3,-2,-1,-1,-1,0,0,0,0,0,0,0,0,0,0,-1,-1,-1,-1,-1,-1,-1,-1,-1,-1,-1,-1,-1,-1,-1,-1,-1,0,0,0,0,0,0,0,0,0,-1,-1,-1,-1,-1,-2,-2,-2,-2,-2,-3,-3,-3,-3,-3,-3,-3,-3,-3,-3,-3,-3,-2,-2,-2,-1,-1,-1,-1,0,0,0,1,1,1,2,2,2,2,2,3,3,3,3,3,3,3,3,3,3,3,3,3,4,4,4,4,4,4,4,4,4,4,4,4,4,4,3,3,3,3,2,2,1,1,1,0,-1,-1,-2,-2,-3,-3,-4,-4,-4,-5,-5,-5,-5,-5,-5,-5,-4,-4,-4,-3,-3,-2,-1,-1,0,0,1,2,2,3,3,4,4,4,4,4,4,4,4,4,3,3,2,2,1,0,0,-1,-2,-2,-3,-3,-4,-5,-5,-5,-6,-6,-6,-6,-6,-6,-6,-6,-5,-5,-5,-4,-4,-3,-3,-2,-1,-1,0,0,1,2,2,3,3,4,4,4,5,5,5,5,5,5,5,5,5,5,5,4,4,4,3,3,3,2,2,1,1,1,0,0,0,0,-1,-1,-1,-1,-1,-1,-2,-2,-2,-2,-2,-2,-2,-2,-2,-2,-2,-2,-2,-2,-2,-2,-2,-3,-3,-3,-3,-3,-3,-3,-3,-3,-3,-3,-3,-2,-2,-2,-2,-2,-1,-1,-1,0,0,0,1,1,2,2,3,3,3,4,4,5,5,5,6,6,6,6,6,6,6,6,6,6,5,5,5,4,4,3,3,2,1,1,0,0,-1,-1,-2,-2,-2,-3,-3,-3,-3,-3,-2,-2,-2,-1,-1,-1,0,0,0,0,0,0,0,0,0,-1,-2,-3,-4,-5,-6,-7,-9,-10,-12,-13,-14,-16,-17,-17,-18,-18,-19,-18,-18,-17,-16,-15,-13,-11,-9,-6,-4,-1,2,5,8,11,14,17,19,21,24,25,27,28,28,29,29,28,27,26,25,23,21,19,16,14,11,9,6,4,1,-1,-4,-6,-8,-9,-11,-12,-13,-14,-15,-15,-15,-15,-15,-15,-15,-14,-14,-13,-12,-12,-11,-10,-9,-9,-8,-7,-6,-6,-5,-4,-4,-3,-2,-2,-1,-1,0,0,0,1,1,1,2,2,2,2,2,3,3,3,3,3,4,4,4,4,4,5,5,5,6,6,7,7,7,8,8,8,8,9,9,9,8,8,8,7,7,6,5,4,3,1,0,-2,-3,-5,-6,-8,-9,-11,-12,-13,-14,-15,-16,-16,-16,-16,-16,-16,-15,-14,-13,-12,-11,-10,-8,-6,-5,-3,-2,0,2,3,4,6,7,8,8,9,9,10,10,10,10,9,9,9,8,8,7,7,6,6,6,5,5,5,5,5,5,6,6,6,7,7,8,8,9,9,10,10,10,10,10,10,10,9,8,8,7,6,4,3,1,0,-2,-4,-5,-7,-9,-11,-12,-14,-15,-17,-18,-19,-20,-21,-21,-22,-22,-22,-21,-21,-20,-19,-18,-16,-15,-13,-11,-10,-8,-6,-4,-2,0,2,3,5,7,8,9,10,11,12,13,13,13,13,13,13,13,13,12,12,11,10,10,9,9,8,7,7,6,6,5,5,5,5,4,4,4,4,4,3,3,3,3,2,2,2,1,1,0,0,-1,-1,-2,-2,-3,-4,-4,-5,-5,-6,-6,-6,-7,-7,-7,-7,-7,-7,-7,-7,-7,-7,-7,-6,-6,-6,-5,-5,-4,-4,-3,-3,-2,-2,-1,-1,0,1,1,2,3,4,4,5,6,6,7,8,8,9,9,9,9,9,9,8,8,7,6,5,3,2,0,-2,-3,-5,-7,-9,-11,-12,-14,-15,-17,-17,-18,-19,-19,-18,-18,-17,-16,-14,-12,-10,-8,-6,-3,0,2,5,8,10,13,15,17,19,20,21,22,23,23,22,22,21,20,18,17,15,13,10,8,6,4,2,0,-2,-4,-6,-7,-8,-9,-10,-11,-11,-11,-11,-11,-10,-10,-9,-8,-7,-6,-5,-4,-4,-3,-2,-1,0,0,1,1,2,2,2,2,2,2,2,2,2,2,1,1,1,0,0,0,-1,-1,-1,-2,-2,-2,-2,-2,-3,-3,-3,-3,-3,-3,-3,-3,-3,-3,-3,-3,-3,-3,-3,-3,-3,-3,-3,-3,-3,-3,-4,-4,-4,-4,-4,-4,-4,-5,-5,-4,-4,-4,-4,-3,-3,-2,-1,0,1,2,3,4,6,7,9,10,11,13,14,15,16,17,17,18,18,18,17,17,16,15,14,12,11,9,7,5,3,1,-1,-3,-5,-7,-9,-11,-12,-13,-14,-15,-16,-16,-16,-16,-16,-15,-15,-14,-13,-12,-11,-10,-8,-7,-6,-5,-4,-3,-3,-2,-1,-1,0,0,0,0,1,1,1,1,1,1,1,1,1,1,2,2,3,3,4,4,5,5,6,7,7,8,8,9,9,9,9,9,9,9,9,9,8,7,7,6,5,4,3,2,1,1,0,-1,-2,-3,-4,-4,-5,-5,-6,-6,-7,-7,-7,-7,-7,-7,-7,-7,-7,-6,-6,-6,-6,-6,-5,-5,-5,-4,-4,-4,-3,-3,-2,-2,-1,-1,0,0,1,2,2,3,4,4,5,5,6,6,7,7,7,7,7,7,7,7,7,6,6,5,5,4,4,3,3,2,1,1,0,0,0,0,-1,-1,-1,-1,-1,-1,-1,0,0,-1,-1,-1,-1,-2,-2,-3,-4,-4,-5,-7,-8,-9,-11,-12,-13,-15,-16,-17,-18,-19,-19,-19,-19,-19,-18,-18,-16,-15,-13,-11,-8,-6,-3,0,3,6,9,12,15,18,21,23,25,27,28,29,30,30,30,29,29,27,26,24,22,20,18,15,12,10,7,5,2,0,-2,-4,-6,-8,-9,-11,-12,-13,-13,-14,-14,-14,-14,-14,-14,-14,-13,-13,-12,-12,-12,-11,-11,-10,-10,-9,-9,-8,-8,-8,-7,-7,-6,-6,-6,-5,-5,-4,-4,-3,-3,-2,-2,-1,-1,-1,0,0,1,1,1,2,2,2,2,2,3,3,3,3,3,3,4,4,4,4,4,5,5,5,5,5,6,6,6,6,6,6,6,6,6,6,6,6,5,5,5,4,4,3,3,3,2,2,2,1,1,1,1,0,0,0,0,0,0,0,0,0,0,0,-1,-1,-1,-1,-2,-2,-3,-3,-4,-5,-5,-6,-7,-7,-8,-9,-9,-10,-10,-11,-11,-11,-11,-10,-10,-9,-9,-8,-7,-6,-5,-3,-2,-1,1,2,4,5,6,8,9,10,11,11,12,12,12,12,12,12,12,11,10,10,9,8,7,6,5,4,3,2,1,0,-1,-1,-2,-2,-3,-3,-3,-4,-4,-4,-4,-4,-3,-3,-3,-3,-3,-3,-3,-2,-2,-2,-2,-2,-3,-3,-3,-3,-3,-4,-4,-4,-4,-5,-5,-5,-5,-6,-6,-6,-6,-6,-6,-5,-5,-5,-5,-4,-4,-3,-3,-2,-1,-1,0,1,1,2,3,3,4,5,5,6,6,7,7,7,8,8,8,8,8,8,7,7,7,6,6,5,5,4,4,3,2,2,1,0,0,-1,-1,-2,-2,-2,-3,-3,-3,-3,-3,-3,-3,-2,-2,-2,-1,-1,-1,0,0,0,0,1,1,1,1,1,1,1,1,0,0,0,0,-1,-1,-1,-2,-2,-2,-2,-2,-2,-2,-2,-2,-2,-1,-1,-1,0,0,0,1,1,1,1,1,1,1,0,0,-1,-2,-3,-4,-5,-6,-7,-9,-10,-11,-12,-13,-14,-14,-15,-15,-14,-14,-13,-12,-11,-10,-8,-6,-4,-1,1,4,6,9,12,14,16,18,20,22,23,24,25,25,25,24,23,22,21,19,17,15,12,10,7,5,2,0,-2,-5,-7,-8,-10,-11,-12,-13,-13,-14,-14,-13,-13,-12,-11,-10,-9,-8,-7,-6,-5,-4,-3,-2,-2,-1,0,0,0,0,0,0,0,0,0,0,-1,-1,-1,-1,-1,-1,-1,-1,-1,-1,-1,0,0,0,1,1,2,2,2,3,3,3,3,3,3,3,3,3,2,2,1,1,0,0,-1,-2,-3,-3,-4,-4,-5,-5,-6,-6,-6,-6,-6,-6,-6,-5,-5,-4,-4,-3,-3,-2,-1,-1,0,1,1,2,3,3,3,4,4,4,4,4,4,4,4,3,3,3,2,2,2,2,1,1,1,1,1,1,1,2,2,2,3,3,4,4,5,5,5,6,6,6,7,7,7,6,6,6,5,5,4,4,3,2,1,0,-1,-2,-3,-3,-4,-5,-6,-6,-7,-7,-7,-7,-7,-7,-7,-7,-6,-6,-5,-5,-4,-4,-3,-2,-2,-1,-1,-1,0,0,0,0,0,-1,-1,-1,-2,-2,-3,-3,-4,-5,-5,-6,-6,-6,-6,-6,-6,-6,-6,-5,-5,-4,-3,-3,-2,0,1,2,3,4,5,6,7,8,9,10,10,11,11,11,11,11,11,10,10,9,8,8,7,6,5,4,3,2,1,0,-1,-1,-2,-2,-3,-3,-4,-4,-4,-4,-4,-4,-4,-4,-4,-4,-3,-3,-3,-3,-3,-3,-3,-2,-2,-2,-2,-2,-2,-2,-2,-2,-2,-2,-2,-1,-1,-1,-1,-1,-1,0,0,0,0,0,1,1,1,1,2,2,2,2,3,3,3,4,4,4,5,5,5,6,6,6,6,6,6,6,5,5,4,3,2,1,0,-2,-3,-5,-7,-9,-11,-13,-15,-16,-18,-20,-21,-22,-23,-24,-24,-24,-24,-23,-21,-20,-18,-15,-13,-10,-6,-3,1,4,8,12,15,19,22,25,27,30,31,33,34,34,34,33,32,31,29,27,25,22,19,16,13,9,6,3,0,-3,-5,-8,-10,-11,-13,-14,-15,-16,-16,-16,-16,-16,-15,-15,-14,-13,-12,-11,-10,-9,-8,-8,-7,-6,-6,-6,-5,-5,-5,-5,-5,-5,-5,-5,-5,-5,-5,-5,-5,-5,-5,-5,-5,-4,-4,-3,-2,-2,-1,0,1,2,3,4,5,6,7,7,8,9,9,10,10,11,11,11,11,11,10,10,9,9,8,7,6,5,4,3,1,0,-1,-2,-3,-5,-6,-6,-7,-8,-8,-9,-9,-9,-9,-9,-9,-8,-8,-7,-6,-6,-5,-4,-3,-2,-1,0,1,2,2,3,3,4,4,4,4,4,4,3,3,2,2,1,1,0,-1,-1,-2,-2,-3,-3,-3,-3,-3,-3,-2,-2,-1,-1,0,1,2,3,4,5,6,7,8,9,10,11,11,12,12,12,12,12,11,11,10,9,8,7,6,4,3,2,0,-1,-2,-4,-5,-6,-7,-8,-9,-9,-10,-10,-11,-11,-11,-11,-11,-11,-10,-10,-10,-9,-9,-8,-8,-8,-7,-7,-7,-7,-6,-6,-6,-6,-6,-6,-6,-6,-6,-6,-5,-5,-5,-5,-4,-4,-3,-2,-1,0,1,2,3,4,5,6,8,9,10,11,12,13,14,15,15,16,16,16,16,15,15,15,14,13,12,11,10,9,8,6,5,4,2,1,0,-1,-2,-3,-4,-5,-6,-6,-7,-7,-8,-8,-8,-8,-9,-9,-9,-9,-9,-9,-9,-8,-8,-8,-8,-8,-7,-7,-7,-6,-6,-6,-5,-5,-4,-4,-3,-3,-2,-1,-1,0,0,1,2,2,3,3,3,4,4,4,4,4,5,5,5,4,4,4,4,4,4,3,3,3,3,2,2,2,2,2,1,1,1,1,1,1,1,1,1,1,1,1,1,1,1,1,0,0,0,0,0,0,0,0,0,0,0,0,0,0,0,-1,-1,-1,-1,-1,-2,-2,-2,-2,-3,-3,-3,-4,-4,-4,-5,-5,-5,-5,-5,-6,-6,-5,-5,-5,-5,-4,-4,-3,-2,-2,-1,0,1,2,3,4,5,5,6,7,8,8,9,9,9,9,9,9,9,9,8,7,7,6,5,5,4,3,2,1,1,0,-1,-1,-2,-2,-3,-3,-4,-4,-4,-4,-4,-4,-4,-4,-5,-5,-5,-5,-5,-5,-5,-6,-6,-6,-6,-7,-7,-7,-8,-8,-8,-8,-8,-8,-8,-7,-7,-6,-5,-5,-4,-3,-1,0,1,2,4,5,6,7,9,10,11,12,12,13,13,14,14,14,13,13,12,12,11,10,9,8,7,6,4,3,2,2,1,0,0,-1,-1,-1,-1,-1,-1,-1,-1,-1,0,0,0,0,0,0,0,-1,-1,-2,-3,-4,-6,-7,-9,-11,-12,-14,-16,-18,-20,-21,-23,-24,-25,-26,-26,-26,-25,-25,-23,-22,-20,-17,-15,-12,-9,-5,-2,2,6,9,13,17,20,23,26,28,30,31,33,33,34,33,33,32,30,29,27,24,22,19,16,13,10,7,4,2,-1,-3,-5,-7,-9,-10,-11,-12,-12,-13,-13,-12,-12,-12,-11,-10,-9,-8,-8,-7,-6,-5,-4,-4,-3,-3,-3,-3,-3,-3,-3,-3,-4,-4,-4,-5,-5,-6,-6,-6,-7,-7,-7,-7,-7,-6,-6,-6,-5,-5,-4,-3,-3,-2,-1,0,0,1,2,2,3,3,4,4,4,4,4,4,4,3,3,3,2,2,1,1,0,0,-1,-1,-2,-2,-2,-2,-2,-2,-2,-2,-1,-1,-1,0,1,2,2,3,4,5,6,7,8,8,9,10,10,11,11,11,11,11,11,11,10,10,9,8,7,6,4,3,2,0,-1,-3,-5,-6,-8,-9,-10,-11,-13,-13,-14,-15,-15,-16,-16,-15,-15,-15,-14,-13,-12,-11,-10,-8,-7,-5,-4,-2,-1,1,2,3,5,6,7,8,8,9,10,10,10,10,10,10,10,10,10,9,9,8,8,7,7,7,6,6,5,5,5,4,4,4,3,3,3,2,2,1,1,0,-1,-1,-2,-3,-4,-5,-6,-7,-8,-9,-10,-11,-11,-12,-13,-13,-14,-14,-14,-14,-14,-13,-13,-12,-11,-10,-9,-8,-6,-5,-3,-2,0,2,3,5,6,7,9,10,11,11,12,13,13,13,13,13,13,13,12,12,11,10,10,9,8,7,6,5,5,4,3,2,1,1,0,-1,-1,-2,-2,-3,-3,-4,-4,-5,-5,-6,-6,-6,-7,-7,-7,-8,-8,-8,-8,-8,-8,-8,-8,-8,-7,-7,-6,-6,-5,-5,-4,-3,-2,-2,-1,0,1,2,2,3,4,4,5,5,6,6,6,6,7,7,7,7,7,7,8,8,8,8,8,8,9,9,9,9,9,9,9,8,8,7,7,6,5,3,2,0,-2,-4,-6,-8,-11,-13,-16,-18,-20,-22,-24,-26,-27,-28,-29,-29,-29,-29,-28,-27,-25,-23,-20,-17,-14,-10,-7,-3,1,5,9,13,16,20,23,25,28,30,31,32,33,33,33,32,31,29,27,25,23,20,17,14,12,9,6,3,1,-2,-4,-6,-7,-8,-9,-10,-11,-11,-11,-11,-11,-10,-10,-9,-8,-8,-7,-6,-6,-5,-5,-4,-4,-4,-4,-4,-4,-4,-4,-4,-4,-5,-5,-5,-5,-5,-5,-5,-5,-5,-4,-4,-4,-3,-3,-2,-2,-1,-1,0,0,1,1,1,1,2,2,1,1,1,1,1,0,0,0,-1,-1,-1,-2,-2,-2,-2,-2,-2,-2,-1,-1,-1,0,0,1,1,2,2,3,3,4,4,4,5,5,5,5,5,4,4,4,3,3,2,2,1,1,0,0,-1,-1,-1,-2,-2,-2,-2,-1,-1,-1,-1,0,0,0,1,1,1,2,2,2,2,2,2,2,2,1,1,0,0,0,-1,-1,-2,-2,-3,-3,-3,-3,-3,-3,-3,-2,-2,-1,-1,0,1,1,2,3,4,4,5,6,6,6,7,7,7,7,6,6,6,5,4,3,3,2,1,0,-1,-2,-3,-4,-4,-5,-6,-6,-6,-7,-7,-7,-7,-7,-7,-7,-7,-7,-6,-6,-6,-6,-5,-5,-5,-5,-5,-5,-4,-4,-4,-4,-4,-4,-4,-3,-3,-3,-3,-2,-2,-1,-1,0,0,1,1,2,3,3,4,4,5,5,6,6,7,7,7,8,8,8,8,8,8,8,8,7,7,7,7,7,7,7,6,6,6,6,6,6,5,5,5,4,4,4,3,3,2,1,1,0,-1,-2,-3,-4,-5,-6,-7,-8,-8,-9,-10,-11,-11,-12,-12,-13,-13,-13,-13,-12,-12,-12,-11,-10,-10,-9,-8,-7,-6,-5,-4,-3,-2,-1,0,1,1,2,3,3,4,4,5,5,5,6,6,6,6,6,7,7,7,7,7,8,8,8,8,9,9,9,9,9,9,9,9,9,8,8,7,7,6,5,4,3,2,1,0,-1,-3,-4,-5,-6,-7,-8,-9,-9,-10,-10,-11,-11,-11,-11,-10,-10,-10,-9,-8,-7,-7,-6,-5,-4,-3,-2,-2,-1,0,0,1,1,2,2,2,2,2,3,3,2,2,2,2,2,2,2,2,3,3,3,3,3,3,3,4,4,4,4,4,4,4,4,4,4,4,4,4,4,3,3,3,2,2,2,2,1,1,1,1,0,0,0,0,0,-1,-1,-1,-1,-2,-2,-3,-3,-4,-5,-5,-6,-7,-8,-9,-9,-10,-11,-12,-12,-12,-13,-13,-12,-12,-11,-11,-10,-8,-7,-5,-4,-2,0,2,4,6,9,10,12,14,16,17,18,19,19,19,19,19,18,17,16,15,13,11,10,8,6,4,2,0,-2,-4,-6,-7,-9,-10,-11,-12,-12,-13,-13,-13,-13,-13,-13,-12,-12,-11,-10,-10,-9,-8,-8,-7,-6,-5,-5,-4,-3,-2,-1,-1,0,1,2,3,4,5,6,7,8,9,10,11,12,13,14,15,16,16,16,17,17,16,16,16,15,14,13,11,10,8,6,4,2,0,-2,-4,-6,-8,-10,-12,-14,-16,-18,-19,-21,-22,-23,-24,-24,-24,-25,-24,-24,-24,-23,-22,-21,-20,-18,-17,-15,-13,-12,-10,-8,-6,-4,-2,0,2,4,6,8,10,12,13,15,16,18,19,20,21,22,22,23,23,23,23,23,23,23,23,22,21,21,20,19,18,16,15,14,12,10,9,7,5,3,2,0,-2,-4,-6,-8,-10,-11,-13,-15,-16,-17,-18,-19,-20,-21,-22,-22,-22,-22,-22,-21,-21,-20,-19,-18,-17,-15,-14,-13,-11,-9,-8,-6,-5,-3,-2,0,1,2,4,5,5,6,7,7,8,8,8,8,8,8,8,8,8,8,8,7,7,7,7,7,7,7,7,7,7,7,7,7,8,8,8,8,8,8,8,8,8,7,7,7,6,5,4,3,2,1,0,-1,-3,-4,-5,-7,-8,-9,-10,-11,-12,-13,-14,-14,-15,-15,-15,-14,-14,-13,-13,-12,-11,-9,-8,-7,-5,-4,-2,0,1,3,4,5,6,8,8,9,10,10,11,11,11,11,11,11,10,10,10,9,9,8,8,7,7,7,6,6,5,5,4,4,4,3,2,2,1,0,-1,-2,-3,-5,-6,-8,-9,-11,-12,-14,-15,-17,-18,-19,-20,-21,-21,-21,-21,-21,-20,-19,-18,-17,-15,-13,-10,-8,-5,-2,1,4,7,10,13,15,18,20,22,23,24,25,26,26,26,25,24,23,22,20,18,16,14,11,9,7,5,2,0,-2,-3,-5,-6,-8,-9,-9,-10,-10,-10,-10,-10,-10,-10,-9,-9,-8,-7,-7,-6,-6,-5,-5,-4,-4,-4,-3,-3,-3,-3,-3,-2,-2,-2,-2,-2,-2,-1,-1,-1,-1,0,0,0,0,1,1,1,1,2,2,2,2,2,2,2,2,2,1,1,1,1,0,0,0,-1,-1,-1,-2,-2,-2,-3,-3,-3,-3,-3,-3,-3,-3,-3,-3,-3,-3,-3,-3,-3,-3,-3,-3,-3,-3,-2,-2,-2,-2,-1,-1,0,0,1,1,2,3,4,4,5,6,7,7,8,9,9,10,10,10,11,11,11,10,10,10,9,8,8,7,6,5,4,2,1,0,-1,-2,-3,-4,-5,-6,-7,-7,-8,-8,-9,-9,-9,-9,-8,-8,-8,-7,-7,-6,-5,-5,-4,-3,-2,-2,-1,0,0,1,1,1,2,2,2,2,2,2,2,2,2,2,1,1,1,1,0,0,0,0,0,-1,-1,-1,-1,-1,-1,-1,-1,-1,-1,-1,-1,-1,-1,-1,-1,-1,-1,-1,-1,-1,-1,-1,-1,-1,-1,-1,-1,-1,-1,-1,-1,-1,-1,-1,-1,-1,-1,-1,0,0,0,0,1,1,1,2,2,2,3,3,3,4,4,4,4,5,5,5,5,5,5,5,5,5,5,4,4,4,3,3,3,2,2,1,1,0,0,0,-1,-1,-2,-2,-2,-3,-3,-3,-3,-4,-4,-4,-4,-4,-4,-4,-4,-5,-5,-5,-5,-5,-5,-5,-5,-5,-5,-5,-5,-5,-5,-5,-5,-4,-4,-4,-4,-4,-3,-3,-3,-2,-2,-2,-1,-1,0,1,1,2,2,3,4,4,5,5,6,6,6,7,7,7,8,8,8,8,8,8,8,8,8,8,8,8,7,7,7,7,6,6,5,5,4,4,3,2,1,1,0,-1,-2,-3,-4,-5,-6,-7,-7,-8,-9,-10,-11,-11,-12,-12,-13,-13,-13,-13,-13,-13,-12,-12,-11,-10,-10,-9,-8,-7,-6,-5,-4,-3,-2,-1,0,1,2,3,4,5,5,6,7,7,8,8,9,9,9,10,10,10,11,11,11,11,12,12,12,12,12,12,12,11,11,11,10,10,9,8,7,6,5,3,2,1,-1,-2,-4,-6,-7,-9,-10,-11,-13,-14,-15,-16,-17,-17,-17,-18,-18,-17,-17,-16,-16,-15,-14,-12,-11,-10,-9,-7,-6,-4,-3,-2,-1,0,1,2,3,4,4,4,5,5,5,5,5,5,5,4,4,4,5,5,5,5,6,6,7,8,9,10,11,12,13,14,15,16,17,17,18,18,18,18,18,17,16,15,14,12,10,8,6,4,1,-1,-3,-6,-8,-10,-12,-14,-16,-17,-18,-19,-19,-19,-19,-18,-18,-17,-16,-14,-13,-12,-10,-9,-8,-7,-6,-5,-5,-4,-5,-5,-5,-6,-7,-9,-10,-11,-13,-14,-16,-17,-18,-19,-19,-19,-19,-19,-17,-16,-14,-11,-9,-5,-2,2,6,10,14,19,23,27,30,34,37,39,42,43,44,45,44,44,42,40,38,35,32,28,24,20,15,11,6,2,-2,-6,-10,-13,-16,-19,-21,-23,-25,-26,-26,-27,-26,-26,-25,-24,-23,-22,-20,-19,-17,-16,-14,-13,-11,-10,-9,-8,-8,-7,-7,-6,-6,-6,-6,-6,-6,-6,-6,-6,-6,-5,-5,-4,-4,-3,-2,-1,0,2,3,4,6,7,9,10,12,13,14,15,16,17,17,18,18,18,18,17,16,16,15,14,12,11,10,8,6,5,3,1,0,-2,-3,-5,-6,-7,-9,-10,-11,-11,-12,-13,-13,-13,-13,-13,-13,-13,-12,-12,-11,-11,-10,-9,-8,-7,-6,-5,-4,-3,-2,-1,1,1,2,3,4,5,5,5,6,6,6,6,6,5,5,4,4,3,3,2,1,1,0,-1,-1,-1,-2,-2,-2,-2,-2,-1,-1,0,0,1,2,3,4,5,5,6,7,8,8,9,9,10,10,9,9,9,8,7,7,6,5,4,2,1,0,-1,-2,-3,-4,-5,-6,-7,-7,-8,-8,-8,-8,-8,-7,-7,-6,-6,-5,-5,-4,-3,-3,-2,-2,-2,-1,-1,-1,-1,-1,-2,-2,-2,-3,-3,-4,-5,-5,-6,-6,-6,-7,-7,-7,-7,-7,-6,-6,-5,-5,-4,-3,-2,-1,0,1,2,3,4,5,6,7,7,8,8,9,9,9,9,9,9,9,9,9,9,8,8,8,7,7,7,7,6,6,6,6,5,5,5,4,4,3,2,2,1,0,-1,-2,-3,-4,-5,-6,-7,-8,-9,-10,-11,-12,-13,-13,-13,-14,-14,-13,-13,-12,-11,-10,-9,-8,-6,-5,-3,-2,0,1,3,4,5,6,7,8,9,9,9,9,9,9,8,8,7,6,6,5,4,3,2,2,1,0,0,0,-1,-1,-1,-1,0,0,0,1,1,2,2,2,3,3,3,4,4,4,4,3,3,2,2,1,1,0,-1,-2,-3,-4,-4,-5,-6,-7,-8,-8,-9,-9,-9,-10,-10,-10,-10,-10,-9,-9,-9,-8,-7,-7,-6,-5,-4,-3,-2,-1,0,1,2,3,4,5,6,7,8,9,9,10,11,11,12,12,12,12,12,12,12,12,11,10,10,9,8,7,6,5,3,2,1,0,-2,-3,-4,-5,-6,-7,-8,-8,-9,-10,-10,-10,-10,-10,-10,-10,-9,-9,-8,-8,-7,-6,-5,-5,-4,-3,-2,-1,-1,0,1,1,2,2,3,3,3,4,4,4,4,4,4,5,5,5,5,5,5,5,6,6,6,6,6,6,7,7,7,7,6,6,6,6,5,5,4,3,2,1,0,-1,-3,-4,-5,-7,-8,-10,-11,-12,-13,-14,-15,-16,-17,-17,-17,-17,-17,-16,-15,-14,-13,-12,-10,-8,-7,-5,-3,-1,1,4,5,7,9,11,12,14,15,16,16,17,17,17,17,16,16,15,14,13,12,10,9,8,6,5,4,3,1,0,-1,-1,-2,-3,-4,-4,-4,-5,-5,-5,-5,-5,-5,-5,-5,-5,-5,-5,-5,-5,-5,-5,-5,-5,-6,-6,-6,-6,-6,-6,-6,-6,-6,-6,-6,-6,-5,-5,-5,-4,-3,-3,-2,-1,0,0,1,2,3,4,4,5,6,6,7,7,7,8,8,8,8,8,8,7,7,7,6,6,6,5,5,4,4,3,3,3,2,2,1,1,0,0,0,-1,-1,-1,-2,-2,-3,-3,-3,-4,-4,-4,-5,-5,-5,-6,-6,-6,-6,-6,-7,-7,-7,-7,-7,-7,-6,-6,-6,-6,-5,-5,-5,-4,-4,-3,-2,-2,-1,0,0,1,2,3,4,5,5,6,7,8,9,9,10,10,11,11,11,11,11,10,9,9,8,6,5,3,1,0,-2,-4,-6,-8,-10,-12,-14,-15,-17,-18,-18,-19,-19,-19,-18,-17,-15,-14,-12,-9,-7,-4,-1,2,5,8,11,14,16,19,21,23,24,25,25,25,25,24,23,21,19,17,14,12,9,6,3,0,-3,-6,-9,-11,-13,-15,-17,-18,-18,-19,-19,-19,-18,-18,-17,-16,-14,-13,-11,-9,-8,-6,-5,-3,-2,-1,0,1,2,3,3,3,4,4,4,4,4,3,3,3,3,3,3,3,3,3,4,4,4,5,5,6,6,7,8,8,9,9,10,10,10,10,10,10,10,9,9,8,7,6,5,4,3,2,0,-1,-3,-4,-6,-8,-9,-11,-12,-13,-15,-16,-17,-18,-18,-19,-19,-20,-20,-19,-19,-18,-18,-17,-16,-14,-13,-11,-10,-8,-6,-4,-3,-1,1,3,5,7,8,10,11,12,13,14,15,16,16,17,17,17,17,17,17,17,17,16,16,15,15,14,14,13,13,12,12,11,10,10,9,8,8,7,6,5,4,3,2,1,-1,-2,-3,-5,-6,-8,-9,-11,-12,-14,-15,-16,-18,-19,-20,-20,-21,-21,-22,-22,-21,-21,-21,-20,-19,-18,-16,-15,-14,-12,-10,-9,-7,-5,-3,-2,0,2,3,4,6,7,8,9,9,10,10,11,11,11,11,11,11,11,11,11,11,10,10,10,10,10,10,10,10,10,10,10,10,10,10,10,10,10,10,10,9,9,8,7,6,5,4,3,2,0,-1,-2,-4,-5,-7,-8,-10,-11,-12,-13,-14,-15,-16,-16,-17,-17,-17,-16,-16,-16,-15,-14,-13,-12,-11,-10,-9,-7,-6,-5,-3,-2,-1,0,1,2,3,4,5,6,6,7,7,7,8,8,8,8,8,8,8,8,8,7,7,7,7,7,7,6,6,6,6,6,5,5,5,5,4,4,4,3,3,2,2,1,1,0,-1,-1,-2,-2,-3,-3,-4,-4,-5,-5,-5,-6,-6,-6,-6,-6,-6,-6,-5,-5,-5,-5,-4,-4,-3,-3,-2,-2,-1,-1,-1,0,0,1,1,1,1,1,1,1,1,1,1,1,1,0,0,0,0,-1,-1,-1,-2,-2,-2,-2,-2,-2,-2,-2,-2,-2,-1,-1,0,0,1,1,2,3,3,4,5,5,6,7,7,7,8,8,8,8,8,7,7,6,6,5,4,3,2,1,0,-1,-2,-3,-4,-5,-6,-6,-7,-7,-8,-8,-8,-8,-8,-7,-7,-7,-6,-5,-5,-4,-3,-3,-2,-2,-1,-1,0,0,0,0,0,0,0,-1,-1,-2,-2,-2,-3,-3,-3,-4,-4,-4,-4,-3,-3,-2,-1,-1,0,1,3,4,5,6,7,9,10,11,12,12,13,14,14,14,14,14,13,13,12,12,11,10,9,8,7,6,5,4,3,2,1,1,0,-1,-2,-3,-4,-5,-6,-7,-8,-9,-10,-12,-13,-15,-17,-18,-20,-22,-23,-25,-26,-28,-29,-30,-30,-30,-30,-29,-29,-27,-25,-23,-20,-17,-14,-10,-7,-2,2,6,11,15,19,24,27,31,34,37,39,41,42,43,43,43,42,41,39,37,34,31,28,24,20,17,13,9,5,2,-2,-5,-8,-10,-13,-15,-17,-18,-19,-20,-20,-20,-20,-20,-19,-19,-18,-17,-16,-15,-14,-13,-12,-11,-10,-10,-9,-9,-8,-8,-7,-7,-7,-7,-7,-7,-6,-6,-6,-6,-6,-5,-5,-4,-4,-3,-2,-1,0,1,2,3,4,6,7,8,9,10,11,12,13,13,14,14,14,14,14,13,13,12,11,10,8,7,5,4,2,1,-1,-3,-4,-6,-7,-9,-10,-11,-12,-13,-13,-14,-14,-14,-14,-14,-13,-13,-12,-11,-10,-9,-8,-7,-5,-4,-3,-1,0,1,3,4,5,6,8,9,10,10,11,12,13,13,13,14,14,14,14,14,14,13,13,12,12,11,10,9,8,7,6,5,4,2,1,0,-2,-3,-4,-5,-6,-7,-8,-9,-10,-11,-11,-12,-12,-12,-12,-12,-12,-12,-11,-11,-10,-10,-9,-9,-8,-7,-7,-6,-5,-5,-4,-4,-3,-3,-2,-2,-1,-1,-1,0,0,1,1,1,2,2,3,3,4,4,5,5,6,7,7,8,8,9,9,10,10,10,10,10,10,10,9,9,8,8,7,6,5,4,2,1,0,-1,-3,-4,-5,-6,-7,-8,-9,-10,-10,-10,-11,-11,-11,-11,-10,-10,-10,-9,-8,-7,-7,-6,-5,-4,-3,-2,-1,0,1,1,2,3,3,4,4,5,5,5,5,5,5,5,5,5,5,5,4,4,4,4,4,4,4,4,4,4,4,4,4,4,5,5,5,5,5,5,5,5,5,5,4,4,4,3,3,2,1,0,0,-1,-2,-3,-4,-5,-6,-7,-8,-9,-10,-10,-11,-11,-12,-12,-12,-12,-12,-12,-12,-11,-11,-10,-9,-8,-7,-6,-5,-4,-2,-1,0,1,2,3,4,5,6,6,7,7,8,8,8,8,8,8,8,7,7,7,6,6,6,5,5,5,5,5,4,4,4,4,4,5,5,5,5,5,5,5,5,5,5,4,4,3,3,2,1,1,0,-1,-2,-3,-4,-5,-6,-7,-8,-9,-10,-10,-11,-11,-11,-12,-11,-11,-11,-10,-10,-9,-8,-7,-6,-5,-4,-3,-2,-1,0,1,2,2,3,4,4,5,5,5,5,5,5,5,5,4,4,4,4,3,3,3,3,3,3,3,3,3,3,3,4,4,4,5,5,5,6,6,6,6,6,6,6,5,5,4,4,3,2,1,1,0,-1,-2,-3,-3,-4,-5,-5,-5,-6,-6,-6,-5,-5,-5,-4,-3,-3,-2,-1,-1,0,1,1,2,2,2,2,2,1,1,0,-1,-2,-3,-5,-6,-8,-9,-10,-12,-13,-14,-15,-15,-16,-16,-16,-16,-15,-14,-13,-11,-9,-7,-5,-3,0,2,5,7,10,12,14,16,18,20,21,22,23,23,23,23,22,21,20,19,18,16,14,12,10,8,6,4,2,1,-1,-3,-4,-5,-6,-7,-8,-9,-9,-9,-10,-10,-10,-10,-9,-9,-9,-9,-8,-8,-8,-7,-7,-6,-6,-6,-5,-5,-5,-5,-4,-4,-4,-3,-3,-2,-2,-2,-1,-1,-1,0,0,0,1,1,1,1,2,2,2,2,2,2,2,2,2,2,2,2,2,2,2,2,2,2,3,3,3,3,3,3,3,3,2,2,2,2,2,2,1,1,1,0,0,-1,-1,-2,-2,-3,-3,-4,-4,-4,-5,-5,-5,-5,-5,-6,-5,-5,-5,-5,-5,-4,-4,-4,-3,-2,-2,-1,-1,0,0,1,2,2,3,3,4,4,5,5,5,6,6,6,6,7,7,7,7,7,6,6,6,6,5,5,5,4,4,3,3,2,2,1,1,0,0,-1,-1,-2,-2,-3,-3,-3,-4,-4,-4,-4,-4,-4,-4,-4,-3,-3,-3,-2,-2,-2,-1,-1,0,0,1,1,1,2,2,2,2,2,2,2,2,2,1,1,0,0,-1,-1,-2,-3,-3,-4,-5,-5,-6,-7,-7,-8,-8,-8,-8,-9,-9,-8,-8,-8,-8,-7,-6,-6,-5,-4,-3,-2,-1,-1,0,1,2,3,4,5,5,6,7,7,8,8,8,8,8,9,8,8,8,8,8,8,7,7,7,6,6,6,6,5,5,5,4,4,4,3,3,3,2,2,2,1,1,0,0,-1,-1,-2,-3,-3,-4,-4,-5,-5,-5,-6,-6,-6,-6,-6,-6,-6,-6,-6,-6,-5,-5,-5,-4,-4,-4,-3,-3,-3,-2,-2,-2,-2,-2,-2,-2,-2,-2,-2,-2,-2,-2,-2,-2,-2,-2,-2,-2,-1,-1,0,0,1,1,2,3,3,4,5,5,6,6,7,7,7,7,7,7,7,7,6,6,5,4,4,3,2,2,1,0,0,0,-1,-1,-1,-1,-1,-1,-1,-1,0,0,0,0,1,1,1,1,1,0,0,-1,-1,-2,-3,-4,-5,-6,-8,-9,-10,-11,-12,-13,-14,-14,-14,-14,-14,-13,-13,-11,-10,-9,-7,-5,-3,0,2,5,7,9,11,14,15,17,18,20,20,21,21,21,20,19,18,17,15,13,11,9,7,4,2,0,-2,-5,-7,-8,-10,-11,-12,-13,-14,-14,-15,-15,-14,-14,-13,-12,-11,-10,-9,-8,-7,-6,-4,-3,-2,-1,0,1,2,3,4,5,5,6,6,7,7,8,8,8,9,9,9,9,9,9,9,8,8,8,7,7,6,5,5,4,3,2,1,0,-2,-3,-4,-5,-6,-7,-8,-9,-10,-11,-11,-12,-12,-12,-13,-13,-13,-12,-12,-12,-11,-10,-10,-9,-8,-7,-7,-6,-5,-4,-3,-2,-1,-1,0,1,2,2,3,4,4,5,5,6,6,7,7,8,9,9,10,10,11,11,12,12,12,13,13,13,13,13,13,13,13,12,12,11,10,9,8,7,6,5,3,2,1,-1,-2,-4,-5,-7,-8,-9,-11,-12,-13,-14,-14,-15,-15,-15,-16,-16,-15,-15,-15,-14,-13,-13,-12,-11,-10,-9,-8,-7,-6,-4,-3,-2,-1,0,1,1,2,3,4,4,5,5,6,6,7,7,8,8,8,8,9,9,9,9,9,10,10,10,10,10,10,9,9,9,9,8,8,7,7,6,5,4,3,2,1,0,-1,-2,-3,-4,-5,-6,-7,-8,-9,-10,-11,-12,-12,-12,-13,-13,-13,-13,-12,-12,-11,-11,-10,-9,-8,-7,-6,-5,-4,-3,-2,-1,0,1,2,3,4,4,5,5,6,6,6,7,7,7,7,7,7,7,7,7,7,8,8,8,8,9,9,9,10,10,11,11,11,11,11,11,11,10,9,8,7,6,4,3,1,-1,-4,-6,-8,-11,-13,-15,-17,-19,-21,-23,-24,-25,-26,-26,-26,-25,-24,-23,-21,-20,-17,-15,-12,-9,-6,-3,0,3,6,9,11,14,16,17,19,20,20,20,20,20,19,18,16,15,13,11,9,7,5,3,2,0,-1,-2,-3,-4,-4,-4,-4,-4,-3,-3,-2,-1,0,1,3,4,5,6,7,8,8,9,9,9,9,9,8,7,7,6,5,4,3,1,0,-1,-2,-3,-4,-5,-6,-6,-7,-7,-8,-8,-8,-8,-8,-8,-8,-8,-8,-8,-8,-8,-8,-8,-8,-8,-8,-8,-9,-9,-9,-9,-9,-9,-9,-9,-9,-9,-9,-9,-8,-8,-7,-7,-6,-5,-4,-3,-2,-1,0,1,3,4,5,6,7,8,9,10,11,11,12,13,13,13,14,14,14,14,14,14,13,13,13,12,12,11,11,10,10,9,8,8,7,6,5,4,3,2,1,0,-1,-2,-2,-3,-4,-5,-6,-7,-8,-8,-9,-9,-10,-10,-10,-10,-10,-10,-10,-10,-10,-9,-9,-8,-7,-7,-6,-6,-5,-4,-4,-3,-3,-2,-2,-1,-1,-1,0,0,0,0,0,0,0,0,0,0,0,0,0,0,0,0,1,1,1,1,1,2,2,2,3,3,3,3,4,4,4,4,5,5,5,5,5,5,5,4,4,4,4,3,3,2,2,2,1,1,0,0,-1,-1,-1,-1,-1,-1,-1,-1,0,0,1,1,2,3,4,5,5,6,7,7,8,8,8,8,8,7,7,6,4,3,1,-1,-3,-5,-8,-10,-13,-15,-18,-20,-22,-24,-25,-27,-28,-28,-28,-28,-27,-26,-24,-22,-20,-17,-14,-10,-7,-3,1,5,8,12,15,19,21,24,26,28,29,30,30,30,29,28,27,25,23,21,19,16,13,11,8,6,3,1,-1,-3,-5,-6,-7,-8,-9,-9,-9,-9,-9,-8,-8,-7,-6,-6,-5,-4,-3,-2,-1,0,1,1,2,3,3,4,4,5,5,5,5,5,5,5,5,5,5,4,3,3,2,1,0,-2,-3,-4,-6,-8,-9,-11,-13,-14,-16,-17,-19,-20,-21,-22,-22,-23,-23,-22,-22,-21,-20,-19,-17,-16,-14,-12,-9,-7,-5,-2,0,2,4,6,8,10,11,13,14,15,15,16,16,16,16,16,15,15,15,14,14,13,13,13,13,13,13,13,13,13,14,14,15,15,16,16,17,17,17,17,17,17,16,15,14,13,11,9,7,5,2,-1,-3,-6,-9,-12,-15,-18,-21,-23,-26,-28,-30,-31,-32,-33,-34,-34,-34,-33,-32,-31,-29,-28,-26,-23,-21,-18,-15,-13,-10,-7,-4,-1,1,4,6,8,10,12,13,15,16,16,17,17,18,18,18,18,17,17,17,16,16,15,15,15,14,14,14,14,14,13,13,13,13,13,13,13,13,13,13,12,12,11,10,9,8,6,5,3,1,-1,-3,-5,-7,-9,-11,-13,-16,-18,-20,-21,-23,-24,-25,-26,-27,-28,-28,-28,-27,-26,-26,-24,-23,-21,-20,-18,-16,-13,-11,-9,-7,-4,-2,0,2,4,6,8,10,11,12,14,15,15,16,17,17,17,17,17,17,17,17,16,16,16,15,15,14,14,13,13,12,12,12,11,11,11,10,10,10,10,10,9,9,9,9,8,8,8,7,6,5,4,3,2,0,-1,-3,-5,-7,-10,-12,-14,-17,-20,-22,-25,-27,-30,-32,-34,-36,-37,-38,-39,-39,-39,-38,-37,-36,-34,-32,-29,-26,-22,-18,-14,-10,-5,-1,4,8,12,17,21,24,28,31,33,35,37,38,39,39,39,38,37,36,34,32,30,28,25,23,20,18,15,13,11,9,7,6,4,3,2,1,1,0,0,-1,-1,-1,-1,-2,-2,-3,-3,-4,-5,-6,-7,-8,-10,-11,-13,-15,-16,-18,-19,-21,-22,-24,-25,-26,-26,-27,-27,-27,-26,-26,-25,-24,-22,-20,-18,-16,-14,-12,-10,-7,-5,-2,0,2,4,6,8,10,11,12,13,14,15,15,15,15,15,15,15,15,14,14,13,13,13,12,12,12,12,12,12,12,12,12,12,12,12,12,12,12,11,11,10,9,8,7,6,5,3,1,0,-2,-4,-6,-8,-10,-12,-14,-15,-17,-18,-19,-20,-21,-22,-22,-22,-21,-21,-20,-19,-18,-16,-15,-13,-11,-9,-7,-6,-4,-2,0,2,3,5,6,7,8,9,9,10,10,11,11,11,11,11,11,11,11,11,11,11,11,11,11,11,11,12,12,12,12,13,13,13,13,12,12,12,11,10,9,8,7,5,3,2,0,-2,-4,-6,-9,-11,-13,-15,-17,-18,-20,-21,-22,-23,-24,-24,-24,-24,-23,-23,-22,-20,-19,-17,-16,-14,-12,-10,-8,-5,-3,-1,1,3,4,6,7,9,10,11,11,12,12,13,13,13,13,13,12,12,12,11,11,11,11,10,10,10,10,9,9,9,9,9,9,9,8,8,8,7,7,6,6,5,4,3,2,0,-1,-2,-4,-5,-6,-8,-9,-10,-12,-13,-14,-15,-15,-16,-16,-16,-16,-16,-15,-15,-14,-13,-12,-10,-9,-7,-6,-4,-2,-1,1,3,4,5,7,8,9,10,10,11,11,11,11,11,11,11,11,10,10,9,9,8,8,7,7,6,6,6,6,6,6,6,6,6,6,6,6,6,6,6,5,4,3,2,1,-1,-2,-4,-6,-9,-11,-13,-16,-18,-21,-23,-25,-28,-29,-31,-32,-33,-33,-33,-33,-32,-31,-29,-26,-24,-21,-17,-13,-9,-5,-1,4,8,13,17,21,25,28,31,34,36,38,39,40,40,40,39,38,37,35,33,30,28,25,22,19,16,13,10,7,4,2,0,-2,-4,-6,-7,-9,-10,-11,-11,-12,-12,-13,-13,-14,-14,-14,-14,-15,-15,-15,-15,-16,-16,-16,-17,-17,-17,-17,-17,-17,-17,-17,-16,-16,-15,-14,-13,-12,-11,-10,-8,-7,-5,-4,-2,-1,0,2,3,4,6,7,7,8,9,9,10,10,10,10,11,10,10,10,10,10,10,9,9,9,9,9,8,8,8,8,8,8,8,7,7,7,7,6,6,5,4,4,3,2,1,0,-1,-2,-3,-5,-6,-7,-8,-9,-10,-11,-11,-12,-12,-12,-13,-12,-12,-12,-11,-10,-9,-8,-7,-6,-4,-3,-2,0,1,2,3,4,5,6,7,8,8,8,8,8,8,8,8,7,7,6,6,5,4,4,3,3,2,2,2,2,2,1,2,2,2,2,2,2,3,3,3,3,3,3,3,2,2,2,1,0,0,-1,-2,-3,-4,-5,-6,-7,-8,-9,-10,-11,-11,-12,-12,-12,-12,-12,-12,-11,-11,-10,-9,-8,-7,-6,-5,-4,-3,-2,-1,1,2,3,4,4,5,6,7,7,7,8,8,8,8,8,8,8,8,8,8,7,7,7,7,6,6,6,6,6,5,5,5,5,5,5,4,4,4,4,3,3,3,2,2,2,1,1,0,0,-1,-2,-2,-3,-3,-4,-5,-5,-6,-6,-7,-7,-8,-8,-8,-9,-9,-9,-9,-9,-9,-8,-8,-8,-7,-7,-6,-5,-4,-3,-2,-1,0,1,2,3,4,5,6,6,7,7,8,8,8,8,7,7,6,6,5,4,3,1,0,-1,-2,-3,-5,-6,-7,-7,-8,-8,-9,-9,-9,-8,-8,-7,-6,-5,-4,-2,-1,0,2,3,5,6,8,9,10,10,11,11,12,12,11,11,10,9,8,7,6,5,3,2,1,-1,-2,-3,-4,-5,-6,-7,-7,-8,-8,-8,-8,-8,-7,-7,-6,-5,-5,-4,-3,-2,-2,-1,0,0,1,1,1,2,2,2,2,2,2,2,2,2,2,2,2,2,2,3,3,3,3,4,4,4,5,5,5,6,6,6,6,6,6,6,6,5,5,4,4,3,2,1,0,-2,-3,-4,-5,-7,-8,-9,-10,-11,-12,-13,-14,-15,-15,-15,-16,-16,-15,-15,-15,-14,-13,-13,-12,-11,-9,-8,-7,-6,-4,-3,-1,0,2,3,5,6,7,9,10,11,12,13,14,14,15,16,16,16,16,16,16,16,16,15,15,14,13,13,12,11,10,9,8,6,5,4,3,2,1,0,-1,-2,-3,-4,-5,-6,-6,-7,-7,-8,-8,-9,-9,-9,-9,-9,-9,-10,-10,-10,-10,-10,-10,-9,-9,-9,-9,-9,-9,-8,-8,-8,-7,-7,-6,-6,-5,-4,-4,-3,-2,-1,-1,0,1,2,3,3,4,5,5,6,6,7,7,7,7,7,7,7,7,6,6,5,5,5,4,3,3,2,2,2,1,1,1,0,0,0,0,0,0,0,1,1,1,2,2,2,2,3,3,3,3,3,3,3,3,3,2,2,2,1,1,0,-1,-1,-2,-2,-3,-3,-3,-4,-4,-4,-4,-4,-3,-3,-3,-2,-1,-1,0,0,1,2,2,3,3,3,3,3,3,2,2,1,0,-1,-2,-4,-5,-7,-9,-10,-12,-14,-15,-16,-18,-18,-19,-19,-20,-19,-19,-18,-16,-15,-13,-11,-8,-6,-3,0,3,6,9,12,15,18,20,23,25,27,28,29,30,30,30,30,29,28,26,25,23,21,18,16,13,11,8,5,3,0,-2,-5,-7,-9,-11,-13,-14,-15,-17,-17,-18,-19,-19,-19,-19,-19,-18,-18,-17,-17,-16,-15,-14,-13,-12,-11,-9,-8,-7,-6,-5,-3,-2,-1,0,1,2,2,3,4,4,5,5,5,6,6,6,6,6,6,6,6,6,6,6,5,5,5,5,5,5,5,5,6,6,6,6,5,5,5,5,5,4,4,3,3,2,1,0,0,-1,-2,-3,-4,-5,-6,-6,-7,-8,-8,-8,-9,-9,-9,-9,-9,-8,-8,-7,-7,-6,-5,-4,-4,-3,-2,-1,0,0,1,1,2,2,3,3,3,3,3,4,4,4,4,4,4,4,4,4,4,4,4,5,5,5,6,6,6,6,7,7,7,7,7,7,7,7,6,6,5,4,4,3,2,1,0,-1,-2,-3,-4,-5,-5,-6,-7,-7,-8,-8,-9,-9,-9,-9,-9,-9,-8,-8,-8,-7,-7,-7,-6,-6,-5,-5,-4,-4,-3,-3,-2,-2,-1,0,0,1,2,2,3,4,5,5,6,7,8,8,9,10,10,10,11,11,11,10,10,9,8,8,6,5,4,2,1,-1,-2,-4,-5,-7,-8,-9,-10,-11,-12,-12,-12,-12,-11,-11,-10,-9,-7,-6,-4,-2,0,2,3,5,7,8,9,10,11,11,11,10,10,9,7,6,4,2,-1,-3,-5,-8,-10,-13,-15,-17,-19,-20,-21,-22,-22,-22,-21,-20,-18,-16,-14,-11,-8,-5,-2,2,5,9,12,16,19,22,25,27,29,31,32,32,32,32,31,30,29,27,25,22,19,16,13,10,7,3,0,-3,-6,-9,-11,-14,-16,-18,-19,-20,-21,-22,-23,-23,-23,-22,-22,-21,-20,-19,-18,-17,-16,-15,-13,-12,-10,-9,-8,-6,-5,-3,-2,-1,0,2,3,4,5,6,7,8,8,9,10,10,11,11,12,12,12,12,13,12,12,12,12,11,11,10,10,9,8,7,6,5,4,3,2,1,0,-1,-2,-3,-5,-6,-7,-8,-9,-10,-10,-11,-12,-13,-13,-14,-14,-14,-14,-14,-14,-14,-14,-13,-13,-12,-11,-10,-9,-8,-7,-6,-5,-3,-2,0,1,2,4,5,6,8,9,10,11,12,13,14,14,15,15,16,16,16,16,16,16,16,15,15,14,13,13,12,11,10,9,8,7,6,5,4,2,1,0,-1,-3,-4,-5,-6,-7,-9,-10,-11,-12,-13,-13,-14,-15,-15,-15,-15,-16,-15,-15,-15,-14,-14,-13,-12,-12,-11,-10,-9,-8,-6,-5,-4,-3,-2,-1,0,0,1,2,3,3,4,4,5,5,6,6,6,7,7,7,8,8,8,8,9,9,9,10,10,10,10,10,10,10,10,10,9,9,8,7,7,6,5,4,3,1,0,-1,-2,-3,-5,-6,-7,-8,-8,-9,-10,-10,-10,-11,-11,-10,-10,-10,-9,-9,-8,-7,-6,-5,-5,-4,-3,-2,-1,-1,0,1,1,1,2,2,2,2,2,2,2,2,2,2,2,1,1,1,1,1,1,1,2,2,2,2,2,3,3,3,4,4,4,4,5,5,5,5,5,5,5,5,4,4,4,3,3,2,2,1,1,0,0,-1,-1,-2,-2,-3,-3,-4,-4,-4,-5,-5,-5,-6,-6,-6,-6,-6,-6,-6,-6,-6,-6,-6,-5,-5,-4,-4,-3,-2,-2,-1,0,1,2,2,3,4,5,5,6,6,7,7,7,7,7,7,6,6,5,5,4,3,3,2,1,1,0,-1,-1,-1,-1,-2,-1,-1,-1,-1,0,0,1,2,2,3,3,4,4,4,4,4,3,3,2,1,-1,-2,-4,-5,-7,-9,-11,-12,-14,-16,-17,-18,-19,-20,-20,-20,-19,-18,-17,-16,-14,-12,-9,-7,-4,-1,2,5,8,11,13,16,18,20,22,23,24,24,24,24,23,22,21,19,18,16,13,11,9,7,4,2,0,-1,-3,-5,-6,-7,-7,-8,-8,-8,-8,-8,-8,-7,-6,-6,-5,-4,-4,-3,-2,-2,-1,-1,-1,0,0,0,0,0,-1,-1,-1,-1,-1,-2,-2,-2,-2,-2,-3,-3,-3,-3,-3,-3,-3,-3,-4,-4,-4,-4,-4,-5,-5,-5,-6,-6,-6,-6,-7,-7,-7,-7,-7,-6,-6,-6,-5,-4,-4,-3,-2,-1,0,2,3,4,5,6,7,8,9,9,10,10,10,10,10,10,10,9,9,8,8,7,6,5,5,4,3,3,2,1,1,1,1,0,0,0,0,0,0,1,1,1,1,1,0,0,0,-1,-1,-2,-2,-3,-4,-4,-5,-6,-7,-7,-8,-9,-9,-9,-10,-10,-10,-9,-9,-8,-8,-7,-6,-5,-4,-3,-2,0,1,2,3,4,5,6,7,8,8,8,9,9,9,9,8,8,8,7,7,6,6,5,4,4,3,3,2,2,2,1,1,1,1,1,0,0,0,0,-1,-1,-1,-2,-2,-3,-3,-4,-4,-5,-6,-6,-7,-8,-8,-9,-9,-10,-10,-10,-10,-10,-10,-10,-10,-9,-8,-8,-7,-6,-5,-4,-3,-2,-1,1,2,3,4,5,6,7,8,8,9,10,10,10,11,11,11,11,11,11,10,10,10,9,9,8,7,7,6,5,5,4,3,3,2,1,0,0,-1,-1,-2,-2,-2,-3,-3,-3,-3,-3,-3,-3,-2,-2,-2,-2,-1,-1,-1,-1,0,0,-1,-1,-1,-2,-2,-3,-4,-5,-6,-7,-9,-10,-11,-13,-14,-15,-16,-17,-18,-19,-19,-19,-19,-18,-17,-16,-14,-12,-10,-8,-5,-2,1,4,7,10,13,16,18,21,23,25,26,27,28,28,28,28,27,26,24,22,20,18,15,12,9,7,4,1,-2,-4,-7,-9,-11,-13,-14,-15,-16,-17,-17,-17,-17,-16,-15,-14,-13,-12,-11,-9,-8,-6,-5,-3,-2,0,1,2,3,4,5,6,7,7,7,8,8,8,8,7,7,7,6,5,5,4,3,2,1,0,-1,-1,-2,-3,-4,-5,-6,-7,-7,-8,-8,-9,-9,-9,-9,-9,-9,-9,-9,-9,-8,-8,-7,-7,-6,-6,-5,-4,-4,-3,-2,-1,-1,0,1,2,2,3,4,4,5,6,6,7,8,8,9,10,10,11,11,12,12,13,13,13,13,13,13,12,12,11,11,10,9,8,6,5,4,2,0,-1,-3,-4,-6,-8,-9,-10,-12,-13,-14,-15,-15,-16,-16,-16,-16,-15,-15,-14,-14,-13,-12,-10,-9,-8,-6,-5,-4,-2,-1,0,1,2,3,4,5,6,6,7,7,7,8,8,8,8,8,8,8,8,8,8,7,7,7,7,7,7,7,7,7,7,7,7,6,6,6,5,5,4,4,3,2,1,0,-1,-2,-3,-4,-5,-6,-7,-8,-9,-10,-10,-11,-11,-12,-12,-12,-12,-12,-11,-11,-10,-10,-9,-8,-7,-7,-6,-5,-4,-3,-2,-1,-1,0,0,1,1,2,2,2,2,2,2,2,2,3,3,3,3,3,4,4,4,5,6,6,7,8,8,9,10,10,11,11,12,12,12,12,12,12,12,12,11,10,10,9,8,7,6,5,4,3,2,1,0,-1,-2,-2,-3,-3,-4,-4,-5,-5,-6,-6,-7,-7,-8,-8,-9,-10,-11,-12,-13,-14,-16,-17,-18,-19,-21,-22,-23,-23,-24,-24,-25,-24,-24,-23,-22,-21,-19,-17,-15,-12,-9,-6,-3,0,4,7,10,13,17,19,22,24,26,28,30,31,31,32,31,31,30,29,28,27,25,23,21,19,17,15,13,11,9,7,5,4,2,1,0,-1,-2,-3,-3,-4,-4,-5,-5,-6,-6,-7,-7,-7,-8,-8,-9,-10,-10,-11,-11,-12,-12,-13,-13,-14,-14,-14,-14,-14,-14,-14,-13,-13,-13,-12,-12,-11,-10,-10,-9,-8,-8,-7,-6,-6,-5,-5,-4,-4,-4,-3,-3,-3,-2,-2,-2,-1,-1,0,0,1,1,2,3,4,5,6,6,7,8,9,10,11,12,13,14,14,15,15,16,16,16,16,15,15,14,14,13,12,11,10,9,8,7,5,4,3,2,0,-1,-2,-3,-4,-5,-6,-7,-7,-8,-9,-9,-10,-10,-10,-11,-11,-11,-11,-11,-11,-11,-11,-11,-11,-10,-10,-10,-9,-9,-9,-8,-7,-7,-6,-6,-5,-4,-3,-3,-2,-1,0,1,2,2,3,4,5,6,6,7,8,8,9,10,10,10,11,11,11,11,12,12,12,11,11,11,11,10,10,9,8,8,7,6,5,4,3,2,1,0,-1,-3,-4,-5,-6,-7,-8,-9,-10,-11,-12,-13,-13,-14,-14,-15,-15,-15,-15,-15,-14,-14,-13,-13,-12,-11,-10,-8,-7,-6,-4,-3,-1,1,2,4,5,7,8,9,11,12,12,13,14,14,14,14,13,13,12,11,10,9,7,6,4,3,1,0,-2,-3,-5,-6,-7,-8,-8,-9,-9,-9,-9,-8,-8,-7,-6,-5,-4,-2,-1,0,2,3,4,6,7,8,8,9,9,9,9,9,9,8,8,7,6,5,3,2,1,0,-2,-3,-4,-5,-6,-7,-7,-8,-9,-9,-9,-9,-9,-9,-8,-8,-7,-6,-6,-5,-4,-3,-2,-1,0,1,2,3,4,5,5,6,7,7,8,8,8,9,9,9,9,8,8,8,7,7,6,5,4,3,2,1,0,-1,-2,-3,-5,-6,-7,-8,-9,-9,-10,-11,-11,-12,-12,-12,-12,-12,-12,-11,-11,-10,-10,-9,-8,-7,-7,-6,-5,-4,-3,-2,-1,0,1,1,2,3,3,4,4,5,5,6,6,6,7,7,7,8,8,9,9,9,10,10,11,11,11,12,12,12,12,12,12,12,12,11,11,10,10,9,8,7,6,4,3,2,0,-1,-3,-4,-6,-7,-8,-9,-10,-11,-12,-13,-14,-14,-14,-14,-14,-14,-14,-14,-13,-12,-12,-11,-10,-9,-8,-7,-6,-5,-4,-3,-2,-1,-1,0,1,1,2,2,3,3,3,4,4,4,4,4,4,4,5,5,5,4,4,4,4,4,4,4,4,4,3,3,3,3,2,2,2,2,1,1,1,1,1,1,1,1,1,1,1,1,2,2,2,3,3,3,4,4,4,4,4,4,4,4,4,4,3,3,3,2,1,1,0,-1,-1,-2,-2,-3,-3,-4,-4,-4,-4,-4,-4,-4,-4,-3,-3,-3,-2,-2,-1,-1,-1,-1,-1,-1,-1,-2,-3,-3,-4,-5,-6,-8,-9,-10,-11,-13,-14,-15,-16,-16,-17,-17,-17,-17,-16,-15,-14,-12,-10,-8,-6,-3,-1,2,5,8,11,14,17,19,22,24,26,27,29,29,30,30,30,30,29,28,26,24,22,20,18,15,13,10,7,4,2,-1,-4,-6,-8,-11,-12,-14,-16,-17,-18,-19,-20,-21,-21,-21,-21,-21,-20,-20,-19,-18,-17,-16,-15,-14,-13,-11,-10,-8,-7,-5,-4,-3,-1,0,1,2,4,5,5,6,7,8,8,9,9,9,9,9,9,9,9,9,8,8,8,7,7,7,6,6,5,5,4,4,4,3,3,2,2,1,1,0,0,-1,-2,-2,-3,-4,-4,-5,-6,-6,-7,-7,-8,-8,-9,-9,-9,-9,-9,-9,-8,-8,-7,-7,-6,-5,-4,-3,-2,-1,0,1,2,3,4,5,6,7,7,8,8,9,9,9,9,9,9,9,9,8,8,7,7,6,6,5,5,4,3,3,2,2,2,1,1,0,0,0,-1,-1,-1,-2,-2,-2,-3,-3,-4,-4,-5,-5,-6,-6,-7,-7,-8,-8,-8,-9,-9,-9,-9,-10,-10,-9,-9,-9,-8,-8,-7,-6,-5,-4,-3,-2,-1,0,1,2,3,4,5,6,7,8,8,9,9,9,9,9,9,9,8,8,7,7,6,5,5,4,3,3,2,2,1,1,1,1,1,1,1,1,1,1,1,1,1,1,1,1,1,1,1,0,0,0,-1,-1,-2,-2,-2,-3,-3,-4,-4,-4,-4,-4,-4,-4,-4,-3,-3,-3,-2,-2,-1,-1,-1,-1,-1,-1,-1,-2,-2,-3,-4,-5,-6,-7,-8,-10,-11,-12,-13,-15,-15,-16,-17,-17,-17,-17,-16,-15,-14,-12,-10,-8,-5,-3,0,3,7,10,13,16,19,22,24,26,28,30,31,32,32,32,31,30,29,27,25,22,20,17,14,11,8,5,2,-1,-4,-6,-9,-11,-13,-14,-16,-17,-17,-18,-18,-18,-18,-17,-17,-16,-15,-14,-13,-12,-11,-10,-9,-7,-6,-5,-5,-4,-3,-2,-2,-1,0,0,0,1,1,1,1,1,1,1,1,1,1,1,1,1,1,0,0,0,0,-1,-1,-1,-1,-1,-1,-2,-2,-2,-1,-1,-1,-1,-1,0,0,0,1,1,2,2,3,3,3,4,4,4,4,4,4,4,4,4,3,3,3,2,2,2,1,1,1,0,0,0,0,0,0,0,0,1,1,1,1,2,2,2,2,3,3,3,3,3,3,2,2,1,1,0,0,-1,-2,-2,-3,-4,-4,-5,-5,-6,-6,-6,-6,-6,-6,-6,-5,-5,-4,-3,-2,-1,0,1,2,3,4,5,6,6,7,8,8,8,9,9,8,8,8,7,7,6,5,4,3,2,1,0,-1,-2,-3,-4,-5,-6,-7,-8,-8,-9,-9,-10,-10,-10,-10,-10,-10,-9,-9,-8,-8,-7,-7,-6,-5,-4,-3,-2,-2,-1,0,1,2,3,4,4,5,6,6,7,7,7,8,8,8,8,8,8,8,8,8,7,7,7,7,6,6,5,5,5,4,4,3,3,2,2,1,1,1,0,0,-1,-1,-2,-2,-3,-3,-4,-4,-5,-5,-5,-6,-6,-6,-7,-7,-7,-7,-7,-7,-7,-7,-7,-7,-7,-7,-7,-6,-6,-6,-5,-5,-4,-4,-3,-3,-2,-2,-1,0,0,1,2,2,3,3,4,5,5,6,7,7,8,8,9,9,9,10,10,10,10,10,10,9,9,9,8,7,7,6,5,4,3,2,0,-1,-2,-3,-4,-5,-6,-7,-8,-9,-9,-10,-10,-11,-11,-11,-11,-10,-10,-10,-9,-8,-8,-7,-6,-5,-4,-3,-3,-2,-1,0,1,2,2,3,3,4,4,4,5,5,5,5,5,5,5,5,4,4,4,4,4,4,4,4,5,5,5,6,6,7,7,8,8,9,9,9,9,10,10,9,9,9,8,7,6,4,3,1,-1,-3,-5,-7,-10,-12,-14,-16,-19,-21,-22,-24,-25,-26,-27,-27,-27,-26,-25,-24,-22,-20,-17,-15,-11,-8,-5,-1,2,6,9,13,16,18,21,23,25,26,27,27,27,27,26,25,23,21,19,16,14,11,8,5,3,0,-3,-5,-7,-8,-10,-11,-12,-12,-12,-12,-12,-11,-10,-9,-8,-6,-5,-4,-2,-1,1,2,3,4,4,5,5,5,5,5,5,5,4,4,3,2,2,1,0,0,-1,-1,-2,-2,-2,-2,-2,-2,-2,-2,-2,-1,-1,-1,0,0,0,0,0,1,1,0,0,0,0,-1,-1,-2,-3,-3,-4,-5,-5,-6,-7,-8,-8,-9,-9,-10,-10,-10,-10,-10,-10,-10,-9,-9,-8,-7,-7,-6,-5,-4,-2,-1,0,1,3,4,5,7,8,9,10,11,12,13,13,14,14,15,15,15,15,14,14,13,13,12,11,10,9,8,7,5,4,3,2,1,-1,-2,-3,-4,-5,-6,-6,-7,-7,-8,-8,-8,-9,-9,-9,-9,-8,-8,-8,-8,-7,-7,-6,-6,-6,-5,-5,-4,-4,-4,-3,-3,-3,-2,-2,-2,-1,-1,-1,0,0,0,0,1,1,1,2,2,2,3,3,3,4,4,4,4,5,5,5,5,5,5,5,5,4,4,4,4,3,3,2,2,1,1,0,0,-1,-2,-2,-2,-3,-3,-4,-4,-4,-4,-4,-4,-4,-4,-4,-4,-4,-3,-3,-3,-2,-2,-1,-1,-1,0,0,1,1,1,1,2,2,2,2,2,2,2,2,1,1,1,1,1,0,0,0,0,-1,-1,-1,-1,-1,-1,-1,-1,-1,-1,-1,-1,-1,0,0,0,0,0,0,1,1,1,1,1,1,1,1,2,2,2,2,2,2,2,2,3,3,3,3,3,3,3,3,3,3,3,3,3,3,3,2,2,2,2,1,1,1,0,0,0,0,0,0,0,0,0,0,0,0,0,0,1,1,1,1,1,1,1,0,0,-1,-2,-2,-3,-5,-6,-7,-8,-10,-11,-13,-14,-15,-17,-18,-19,-19,-20,-20,-19,-19,-18,-17,-16,-14,-12,-10,-7,-5,-2,1,4,7,10,13,16,18,21,23,25,26,27,28,28,28,28,27,26,25,23,21,19,17,15,12,10,7,5,2,0,-2,-4,-6,-8,-9,-10,-11,-12,-13,-13,-13,-13,-13,-13,-12,-12,-11,-11,-10,-9,-8,-8,-7,-6,-5,-5,-4,-3,-3,-2,-1,-1,0,0,1,1,2,2,3,3,4,4,4,4,4,4,4,4,4,4,3,3,2,1,1,0,-1,-2,-3,-4,-5,-6,-7,-8,-8,-9,-10,-10,-11,-11,-11,-11,-11,-11,-11,-10,-10,-9,-8,-7,-6,-5,-4,-3,-2,-1,0,2,3,4,5,6,8,9,9,10,11,12,12,13,13,14,14,14,14,14,14,14,14,14,13,13,12,12,11,11,10,9,9,8,7,6,6,5,4,3,2,1,1,0,-1,-2,-3,-4,-5,-6,-7,-8,-9,-10,-11,-12,-12,-13,-14,-15,-16,-16,-17,-17,-17,-18,-18,-18,-17,-17,-17,-16,-15,-14,-13,-12,-11,-9,-8,-6,-5,-3,-1,0,2,4,5,7,8,9,10,11,12,13,14,14,14,14,14,14,14,13,13,12,12,11,10,10,9,8,8,7,7,7,6,6,6,6,5,5,5,5,5,5,5,5,4,4,4,3,2,2,1,0,-1,-2,-4,-5,-6,-8,-9,-10,-12,-13,-14,-15,-16,-16,-17,-17,-18,-18,-17,-17,-16,-16,-15,-14,-12,-11,-10,-8,-7,-5,-3,-2,0,1,3,4,5,6,7,8,9,9,10,10,10,10,10,10,10,10,10,10,10,10,10,9,9,9,9,9,9,9,9,9,9,9,9,9,9,8,8,7,7,6,5,4,3,2,1,-1,-2,-3,-5,-6,-8,-9,-11,-12,-13,-14,-15,-16,-17,-17,-18,-18,-18,-18,-17,-16,-16,-15,-14,-12,-11,-10,-8,-6,-5,-3,-2,0,2,3,4,6,7,8,9,10,11,11,12,12,12,13,13,13,12,12,12,12,11,11,11,10,10,9,9,8,8,7,7,7,6,5,5,4,4,3,2,1,1,0,-1,-2,-3,-4,-5,-6,-7,-8,-9,-10,-11,-11,-12,-13,-13,-14,-14,-14,-14,-14,-14,-13,-13,-12,-11,-11,-10,-8,-7,-6,-5,-4,-2,-1,0,1,2,3,4,5,6,7,7,7,8,8,8,8,8,8,7,7,7,6,6,6,6,5,5,5,5,5,5,5,6,6,6,6,7,7,7,8,8,8,8,8,8,8,7,7,6,5,4,3,2,1,0,-2,-3,-4,-6,-7,-8,-10,-11,-12,-13,-14,-14,-15,-15,-15,-15,-15,-14,-14,-13,-12,-11,-10,-9,-8,-6,-5,-4,-3,-1,0,1,2,3,4,4,5,5,6,6,6,6,6,6,5,5,5,4,4,4,3,3,3,3,2,2,2,2,2,2,3,3,3,4,4,4,5,5,6,6,7,7,8,8,8,8,9,9,8,8,8,7,7,6,5,4,3,2,0,-1,-2,-4,-5,-6,-8,-9,-10,-11,-12,-13,-13,-14,-14,-14,-14,-13,-13,-12,-11,-9,-8,-7,-5,-4,-2,-1,1,2,3,4,5,6,6,6,6,6,5,5,4,2,1,0,-2,-3,-5,-6,-7,-9,-10,-10,-11,-11,-11,-10,-9,-8,-7,-5,-3,-1,1,4,6,9,11,14,16,18,20,21,22,23,24,24,24,23,22,20,18,16,14,11,9,6,3,0,-3,-6,-9,-11,-13,-15,-17,-19,-20,-21,-21,-21,-21,-21,-20,-19,-18,-16,-15,-13,-11,-10,-8,-6,-5,-3,-1,0,1,3,4,5,5,6,7,7,8,8,8,8,9,9,9,9,9,9,9,9,9,9,10,10,10,10,10,10,9,9,9,9,8,8,7,6,5,4,3,2,1,0,-2,-3,-4,-6,-7,-8,-10,-11,-12,-13,-14,-15,-16,-16,-17,-17,-17,-17,-17,-17,-17,-16,-15,-15,-14,-13,-11,-10,-9,-8,-6,-5,-3,-2,0,1,2,4,5,6,7,8,9,10,11,11,12,13,13,14,14,14,14,15,15,15,15,15,15,15,15,14,14,14,13,13,13,12,11,11,10,9,8,7,6,4,3,2,0,-1,-3,-5,-6,-8,-9,-10,-12,-13,-14,-15,-16,-16,-17,-17,-17,-17,-17,-16,-16,-15,-14,-13,-12,-10,-9,-8,-6,-5,-4,-3,-1,0,1,1,2,3,3,4,4,4,4,4,3,3,3,3,2,2,2,2,2,2,2,2,2,2,3,3,4,4,5,6,6,7,8,8,8,9,9,9,9,9,8,8,7,6,5,4,3,2,0,-1,-2,-3,-5,-6,-6,-7,-8,-8,-9,-9,-9,-9,-8,-8,-7,-6,-6,-5,-4,-3,-2,-1,0,1,1,2,2,3,3,3,3,3,3,3,2,2,2,2,2,2,2,2,2,2,3,3,4,5,5,6,7,8,9,9,10,11,11,11,11,11,10,9,8,7,5,3,1,-1,-4,-6,-9,-11,-14,-16,-19,-21,-23,-24,-25,-26,-27,-27,-27,-26,-25,-23,-21,-19,-17,-14,-11,-8,-5,-2,1,4,7,10,13,15,17,19,20,21,22,22,22,22,21,20,19,18,16,15,13,12,10,8,7,5,4,3,2,1,0,0,-1,-1,-1,-1,-1,0,0,0,1,1,2,2,2,3,3,3,3,3,3,3,2,2,2,1,1,0,0,-1,-1,-2,-2,-3,-4,-4,-5,-6,-6,-7,-7,-8,-8,-9,-10,-10,-11,-11,-12,-12,-12,-13,-13,-13,-13,-13,-13,-12,-12,-12,-11,-10,-10,-9,-8,-7,-6,-5,-3,-2,-1,0,1,2,3,4,5,6,7,7,8,9,9,9,10,10,10,10,10,10,10,10,10,10,10,10,10,10,10,10,10,10,10,10,10,9,9,9,9,8,8,7,7,6,5,4,3,2,1,0,-1,-2,-3,-5,-6,-7,-8,-9,-10,-10,-11,-11,-12,-12,-12,-12,-12,-12,-12,-12,-11,-11,-10,-9,-9,-8,-7,-6,-6,-5,-4,-3,-2,-2,-1,0,0,1,2,2,3,4,4,5,5,6,6,7,8,8,8,9,9,9,10,10,10,10,9,9,9,8,8,7,6,5,4,3,2,1,-1,-2,-3,-4,-5,-6,-7,-8,-9,-9,-10,-10,-10,-10,-10,-10,-10,-9,-9,-8,-7,-6,-5,-4,-3,-2,-1,-1,0,1,1,2,2,3,3,3,3,3,3,3,2,2,2,2,2,1,1,1,1,1,2,2,2,3,3,4,5,5,6,7,7,8,8,9,9,9,9,9,8,8,7,7,6,5,3,2,1,0,-1,-3,-4,-5,-6,-7,-7,-8,-8,-8,-8,-7,-7,-6,-6,-5,-4,-3,-1,0,1,1,2,3,3,3,3,3,2,1,0,-1,-2,-4,-6,-8,-10,-11,-13,-15,-17,-18,-19,-20,-20,-20,-20,-19,-18,-17,-15,-12,-10,-7,-4,-1,3,6,10,13,16,19,22,25,27,28,30,31,31,31,31,30,29,27,25,23,20,17,14,11,8,5,2,-1,-4,-6,-9,-11,-13,-14,-16,-17,-17,-18,-18,-18,-18,-17,-17,-16,-15,-14,-13,-12,-11,-9,-8,-7,-6,-5,-4,-3,-3,-2,-1,-1,0,0,1,1,1,2,2,2,2,3,3,3,3,3,4,4,4,4,4,4,4,4,4,4,5,5,5,5,5,5,5,5,5,5,5,4,4,4,4,4,3,3,3,2,2,1,1,0,-1,-2,-2,-3,-4,-5,-6,-7,-7,-8,-9,-9,-10,-10,-11,-11,-11,-11,-11,-11,-10,-10,-9,-8,-7,-6,-5,-4,-3,-1,0,1,2,4,5,6,7,8,9,9,10,11,11,11,11,11,11,11,11,10,10,9,9,8,8,7,7,6,5,5,4,4,3,3,2,2,2,1,1,0,0,0,-1,-1,-1,-2,-2,-3,-3,-4,-4,-5,-5,-6,-6,-7,-7,-8,-8,-8,-9,-9,-9,-10,-10,-10,-10,-10,-10,-9,-9,-9,-8,-8,-7,-6,-6,-5,-4,-3,-2,-2,-1,0,1,2,3,3,4,5,6,6,7,7,8,8,8,9,9,9,9,9,9,9,9,9,9,9,8,8,8,7,7,6,6,5,5,4,3,3,2,1,0,0,-1,-2,-3,-4,-4,-5,-6,-6,-7,-8,-8,-9,-9,-9,-10,-10,-10,-10,-10,-9,-9,-9,-8,-8,-7,-6,-6,-5,-4,-4,-3,-2,-1,-1,0,1,1,2,2,3,3,4,4,4,5,5,5,5,6,6,6,6,6,7,7,7,7,7,7,8,8,8,8,8,8,8,7,7,7,6,6,5,4,3,3,2,1,0,-1,-2,-3,-4,-4,-5,-5,-6,-6,-6,-6,-6,-5,-5,-5,-4,-4,-3,-2,-2,-1,-1,-1,-1,-1,-1,-1,-2,-3,-4,-5,-6,-8,-9,-11,-12,-14,-16,-17,-18,-19,-20,-20,-21,-20,-20,-19,-18,-16,-14,-11,-9,-6,-3,1,4,8,11,15,18,21,24,27,29,30,32,33,33,33,33,32,31,29,27,24,22,19,16,13,10,7,4,1,-2,-5,-7,-9,-11,-13,-14,-15,-15,-16,-16,-16,-16,-15,-14,-14,-13,-12,-11,-10,-9,-8,-7,-6,-5,-5,-4,-3,-3,-3,-2,-2,-2,-2,-1,-1,-1,-1,-1,-1,-1,-1,-1,-1,-1,-1,-1,0,0,0,0,0,0,0,0,0,0,0,0,0,0,0,0,0,0,0,0,0,0,0,0,0,0,0,0,0,0,0,0,-1,-1,-1,-1,-1,-1,-1,-1,-1,-1,-1,-1,-1,-1,-1,-1,-1,0,0,0,1,1,2,2,3,4,4,5,5,6,7,7,8,8,8,9,9,9,9,9,9,8,8,7,7,6,5,4,3,2,1,0,0,-1,-2,-3,-4,-5,-6,-6,-7,-7,-8,-8,-8,-8,-8,-8,-8,-7,-7,-6,-6,-5,-5,-4,-4,-3,-3,-2,-1,-1,0,0,0,1,1,1,1,1,1,1,1,1,1,1,0,0,0,-1,-1,-1,-1,-2,-2,-2,-2,-2,-2,-2,-2,-2,-2,-2,-2,-1,-1,0,0,0,1,1,2,2,3,3,4,4,4,5,5,5,5,5,5,5,5,5,4,4,3,3,3,2,2,1,1,0,0,0,-1,-1,-1,-2,-2,-2,-2,-2,-2,-2,-1,-1,-1,-1,-1,0,0,0,0,0,0,0,0,0,0,0,0,-1,-1,-1,-2,-2,-3,-3,-3,-4,-4,-5,-5,-5,-5,-5,-5,-5,-5,-4,-4,-3,-3,-2,-2,-1,0,1,2,3,3,4,5,6,6,7,7,8,8,8,8,8,8,8,7,7,6,5,5,4,3,2,1,0,-1,-2,-2,-3,-4,-5,-5,-6,-6,-7,-7,-7,-7,-7,-7,-7,-7,-7,-6,-6,-5,-5,-5,-4,-4,-3,-3,-2,-2,-2,-1,-1,-1,0,0,0,0,0,1,1,1,1,1,1,1,2,2,2,2,2,3,3,3,3,4,4,4,5,5,5,6,6,6,7,7,7,7,7,7,7,7,7,7,6,6,5,5,4,3,2,2,1,0,-1,-2,-3,-4,-5,-6,-6,-7,-8,-8,-9,-9,-10,-10,-10,-10,-10,-10,-10,-9,-9,-9,-8,-8,-7,-6,-6,-5,-4,-4,-3,-2,-2,-1,-1,0,0,1,1,2,2,3,3,3,4,4,4,5,5,5,6,6,6,7,7,7,7,8,8,8,8,8,8,8,8,8,8,8,7,7,7,6,6,6,5,5,5,4,4,4,3,3,3,2,2,1,1,0,0,-1,-1,-2,-3,-4,-5,-6,-7,-8,-9,-10,-12,-13,-14,-16,-17,-18,-19,-20,-20,-21,-21,-22,-21,-21,-20,-20,-18,-17,-15,-13,-11,-9,-6,-4,-1,2,5,8,10,13,16,18,20,22,24,25,26,27,27,27,27,26,25,24,23,21,19,17,15,13,11,8,6,4,2,0,-2,-4,-6,-7,-8,-9,-10,-11,-11,-12,-12,-12,-12,-12,-11,-11,-10,-10,-9,-8,-8,-7,-6,-5,-5,-4,-4,-3,-2,-2,-1,-1,-1,0,0,0,1,1,1,1,1,1,1,1,1,1,1,1,1,1,1,1,1,0,0,0,0,0,0,0,0,0,0,0,0,0,0,0,0,0,0,0,0,0,0,0,0,-1,-1,-2,-2,-2,-3,-3,-4,-4,-5,-5,-6,-6,-6,-6,-6,-6,-6,-6,-5,-5,-4,-3,-2,-1,0,1,2,4,5,6,7,9,10,11,12,13,13,14,14,14,14,14,13,12,11,10,9,8,6,5,3,2,0,-2,-3,-5,-6,-7,-8,-9,-10,-10,-11,-11,-11,-11,-11,-10,-9,-9,-8,-7,-6,-5,-4,-3,-2,-1,0,0,1,2,2,2,3,3,3,3,3,3,2,2,2,2,1,1,1,1,0,0,0,0,0,0,0,0,1,1,1,1,1,2,2,2,2,2,2,2,2,2,2,1,1,1,1,0,0,0,0,-1,-1,-1,-1,-2,-2,-2,-2,-2,-2,-3,-3,-3,-3,-3,-3,-3,-3,-3,-3,-3,-2,-2,-2,-2,-2,-2,-1,-1,-1,0,0,0,1,1,2,2,3,3,3,4,4,4,5,5,5,5,5,5,5,4,4,4,3,3,2,2,1,0,0,-1,-1,-2,-2,-3,-3,-4,-4,-4,-4,-4,-4,-4,-3,-3,-3,-2,-2,-2,-1,-1,0,0,0,1,1,1,2,2,2,2,2,2,2,1,1,1,1,0,0,0,0,-1,-1,-1,-1,-2,-2,-2,-2,-2,-2,-2,-2,-2,-2,-1,-1,-1,-1,-1,0,0,0,0,0,1,1,1,1,1,1,1,1,1,2,2,2,2,2,2,2,2,2,2,2,1,1,1,1,1,1,1,1,1,1,1,1,1,1,1,1,1,1,1,1,1,1,1,1,1,1,1,0,0,0,0,-1,-1,-1,-2,-2,-3,-3,-3,-4,-4,-5,-5,-5,-6,-6,-6,-6,-6,-6,-5,-5,-5,-4,-4,-3,-3,-2,-1,0,0,1,2,3,3,4,5,5,5,6,6,6,6,6,6,6,6,5,5,5,5,4,4,4,4,3,3,3,3,3,3,4,4,4,4,4,4,4,4,3,3,2,2,1,0,-1,-3,-4,-6,-7,-9,-11,-12,-14,-16,-17,-18,-19,-20,-21,-21,-21,-21,-20,-19,-17,-16,-14,-11,-9,-6,-3,0,3,6,9,12,15,18,20,23,24,26,27,28,28,28,28,27,26,24,22,20,18,15,13,10,7,4,1,-2,-4,-7,-9,-11,-13,-15,-16,-17,-18,-19,-19,-19,-19,-19,-18,-17,-16,-15,-14,-13,-12,-10,-9,-7,-6,-4,-3,-2,0,1,2,3,5,6,7,8,8,9,10,10,11,11,12,12,12,12,12,12,12,11,11,10,10,9,8,7,6,5,4,3,1,0,-1,-2,-4,-5,-6,-8,-9,-10,-11,-12,-13,-14,-14,-15,-15,-16,-16,-16,-16,-16,-16,-15,-15,-14,-14,-13,-12,-11,-9,-8,-7,-5,-4,-2,-1,1,2,4,6,7,9,10,12,13,15,16,17,18,19,19,20,20,21,21,21,21,20,20,19,18,17,16,15,13,12,11,9,7,6,4,2,1,-1,-2,-4,-5,-7,-8,-10,-11,-12,-13,-14,-15,-15,-16,-17,-17,-18,-18,-18,-18,-18,-18,-18,-18,-18,-17,-17,-16,-16,-15,-14,-13,-12,-11,-10,-8,-7,-6,-4,-3,-1,1,2,4,6,7,9,10,12,13,14,15,16,17,18,18,19,19,19,19,18,18,17,17,16,15,14,13,12,11,9,8,7,6,5,4,3,2,1,0,-1,-2,-3,-4,-4,-5,-6,-6,-7,-7,-8,-9,-9,-10,-10,-11,-11,-12,-12,-12,-13,-13,-13,-13,-13,-13,-13,-13,-12,-12,-11,-11,-10,-9,-8,-7,-6,-5,-3,-2,-1,1,2,3,4,5,6,7,8,9,10,10,11,11,12,12,12,12,11,11,11,10,10,9,9,8,8,7,6,5,5,4,3,2,2,1,0,-1,-1,-2,-3,-3,-4,-5,-5,-6,-6,-7,-7,-7,-8,-8,-8,-8,-8,-8,-7,-7,-6,-6,-5,-5,-4,-3,-3,-2,-1,0,1,1,2,3,3,4,4,5,5,5,5,5,5,5,5,5,5,4,4,4,4,4,4,4,4,4,4,4,4,5,5,5,5,5,5,5,5,4,4,3,2,1,0,-2,-3,-5,-6,-8,-10,-12,-13,-15,-16,-18,-19,-20,-21,-21,-21,-21,-21,-20,-19,-17,-15,-13,-11,-8,-6,-3,0,3,6,9,11,14,16,18,20,22,23,24,24,24,24,24,23,22,21,19,17,15,13,11,9,7,5,3,1,-1,-2,-3,-5,-6,-7,-7,-8,-8,-8,-8,-8,-8,-8,-7,-7,-7,-6,-6,-6,-5,-5,-5,-5,-5,-5,-5,-5,-5,-5,-5,-5,-5,-5,-5,-4,-4,-4,-4,-3,-3,-2,-2,-1,0,0,1,2,2,3,3,4,4,5,5,5,5,5,5,5,4,4,4,3,3,2,1,1,0,-1,-1,-2,-2,-3,-3,-4,-4,-5,-5,-5,-5,-6,-6,-6,-6,-6,-6,-6,-6,-6,-5,-5,-5,-5,-5,-4,-4,-4,-3,-3,-2,-2,-1,0,1,1,2,3,4,5,6,8,9,10,11,12,12,13,14,14,15,15,15,15,15,14,14,13,12,11,10,9,7,6,4,3,1,-1,-2,-4,-5,-7,-8,-9,-10,-11,-12,-13,-13,-13,-14,-14,-14,-14,-13,-13,-12,-12,-11,-11,-10,-9,-9,-8,-7,-6,-5,-5,-4,-3,-2,-2,-1,0,1,1,2,3,3,4,5,5,6,7,7,8,8,9,9,9,9,9,10,9,9,9,9,8,8,7,7,6,5,5,4,3,2,1,1,0,-1,-2,-3,-3,-4,-5,-5,-6,-6,-7,-7,-7,-8,-8,-8,-8,-8,-8,-8,-8,-8,-8,-8,-8,-8,-7,-7,-7,-6,-6,-5,-4,-4,-3,-2,-1,0,1,2,3,4,5,6,7,8,8,9,10,10,11,11,11,12,12,11,11,11,10,10,9,9,8,7,7,6,6,5,5,4,4,3,3,3,3,3,3,3,3,3,3,3,3,2,2,1,0,-1,-2,-3,-5,-7,-9,-11,-13,-15,-18,-20,-22,-24,-26,-28,-29,-30,-31,-31,-31,-31,-30,-29,-27,-25,-22,-19,-16,-12,-8,-4,0,4,8,12,16,20,24,27,30,32,34,36,37,37,37,37,36,35,33,31,29,26,24,21,18,15,12,9,6,4,1,-1,-3,-5,-7,-8,-9,-10,-11,-11,-12,-12,-12,-12,-12,-11,-11,-11,-11,-10,-10,-10,-10,-10,-10,-10,-10,-10,-10,-10,-10,-11,-11,-11,-11,-10,-10,-10,-9,-9,-8,-8,-7,-6,-5,-4,-3,-2,-1,0,1,3,4,5,6,6,7,8,9,9,10,10,10,10,10,10,9,9,9,8,7,7,6,5,4,3,3,2,1,0,-1,-1,-2,-2,-3,-3,-4,-4,-4,-4,-4,-4,-4,-4,-4,-4,-3,-3,-3,-3,-2,-2,-2,-2,-1,-1,-1,-1,-1,-1,0,0,0,0,0,0,1,1,1,1,2,2,2,3,3,3,4,4,4,5,5,5,5,6,6,6,6,6,5,5,5,5,4,4,3,2,2,1,0,0,-1,-2,-2,-3,-3,-4,-4,-5,-5,-6,-6,-6,-6,-6,-6,-6,-6,-6,-6,-6,-5,-5,-5,-5,-4,-4,-4,-4,-3,-3,-3,-3,-2,-2,-2,-2,-1,-1,-1,0,0,0,1,1,2,2,3,3,4,4,4,5,5,6,6,6,6,7,7,7,7,7,6,6,6,6,5,5,4,4,3,3,2,2,2,1,1,1,1,1,1,1,1,1,1,1,1,1,2,2,2,2,2,1,1,0,0,-1,-2,-3,-4,-5,-7,-8,-10,-11,-13,-14,-16,-17,-18,-19,-20,-20,-21,-21,-20,-20,-19,-18,-16,-14,-12,-10,-8,-5,-2,1,4,6,9,12,15,17,19,21,23,24,25,26,26,26,26,25,25,23,22,20,19,17,15,12,10,8,6,4,2,0,-2,-4,-5,-6,-8,-8,-9,-10,-10,-10,-10,-10,-10,-10,-9,-9,-8,-8,-7,-6,-6,-5,-4,-4,-3,-3,-2,-2,-2,-1,-1,-1,-1,-1,-1,-1,-1,-1,-1,-1,-2,-2,-2,-3,-3,-3,-3,-4,-4,-4,-4,-5,-5,-5,-5,-5,-5,-5,-5,-5,-4,-4,-4,-3,-3,-3,-2,-2,-1,-1,0,0,1,1,2,2,2,3,3,4,4,4,4,5,5,5,5,5,5,5,5,6,6,6,6,6,6,6,5,5,5,5,5,5,5,5,5,4,4,4,4,3,3,3,2,2,1,1,0,0,-1,-1,-2,-2,-3,-3,-4,-4,-5,-5,-5,-6,-6,-6,-6,-6,-7,-7,-6,-6,-6,-6,-6,-5,-5,-5,-4,-4,-3,-2,-2,-1,-1,0,1,1,2,2,3,3,3,4,4,4,4,4,4,4,4,4,4,3,3,3,2,2,2,1,1,1,0,0,0,0,0,0,0,0,0,0,0,0,0,0,1,1,1,1,1,0,0,0,0,-1,-1,-1,-2,-2,-3,-3,-4,-4,-5,-5,-6,-6,-6,-6,-6,-6,-6,-6,-5,-5,-4,-3,-2,-1,0,1,2,3,4,5,5,6,7,7,8,8,8,9,8,8,8,7,7,6,6,5,4,3,2,1,1,0,-1,-1,-2,-2,-3,-3,-3,-3,-3,-3,-3,-3,-3,-3,-2,-2,-2,-1,-1,-1,-1,0,0,0,0,0,0,0,0,0,0,0,0,0,-1,-1,-1,-1,-1,-1,-1,-1,-1,-1,-1,-1,-1,-1,-1,-1,-1,-2,-2,-2,-2,-2,-3,-3,-3,-3,-3,-3,-4,-4,-4,-4,-3,-3,-3,-3,-2,-2,-1,0,0,1,2,2,3,4,4,5,5,6,6,6,7,7,7,7,7,6,6,5,5,4,4,3,3,2,1,1,0,0,-1,-1,-1,-1,-2,-2,-2,-2,-1,-1,-1,-1,0,0,0,1,1,1,1,1,1,1,1,1,1,1,0,0,-1,-1,-2,-2,-3,-3,-4,-4,-5,-5,-6,-6,-7,-7,-7,-7,-7,-7,-7,-6,-6,-6,-5,-5,-4,-3,-3,-2,-1,-1,0,0,1,2,2,3,3,3,4,4,4,4,4,4,5,5,5,5,5,4,4,4,4,4,4,4,4,4,3,3,3,3,3,3,2,2,2,2,1,1,1,1,1,0,0,0,0,0,0,0,0,0,0,0,1,1,1,1,1,1,1,1,1,1,1,1,1,0,0,-1,-1,-2,-2,-3,-3,-4,-4,-5,-5,-5,-6,-6,-6,-6,-5,-5,-5,-4,-4,-3,-2,-2,-1,0,0,1,1,1,1,1,1,1,0,0,-1,-2,-3,-4,-6,-7,-8,-9,-10,-11,-12,-12,-13,-13,-13,-12,-11,-10,-9,-7,-5,-3,0,2,5,7,10,13,16,18,20,22,24,26,27,28,28,28,27,27,25,24,22,20,17,15,12,9,6,3,0,-3,-6,-8,-11,-13,-15,-16,-18,-19,-20,-20,-20,-20,-19,-19,-18,-17,-16,-14,-13,-12,-10,-9,-7,-6,-4,-3,-2,-1,0,0,1,2,2,2,2,3,3,3,3,2,2,2,2,2,2,2,2,2,2,2,2,2,2,3,3,3,3,3,3,4,4,4,4,4,4,4,4,3,3,3,3,2,2,2,1,1,0,0,0,-1,-1,-1,-2,-2,-2,-2,-2,-3,-3,-3,-3,-3,-3,-3,-3,-3,-3,-3,-3,-3,-3,-3,-3,-3,-3,-2,-2,-2,-2,-2,-2,-1,-1,-1,0,0,1,1,2,2,3,3,4,4,5,5,5,6,6,6,6,6,6,5,5,5,4,3,2,2,1,0,-1,-2,-3,-4,-4,-5,-6,-6,-6,-6,-6,-6,-6,-5,-4,-4,-3,-2,0,1,2,4,5,6,8,9,10,11,11,12,12,12,12,12,11,10,9,8,6,5,3,1,-1,-3,-5,-7,-9,-11,-12,-14,-15,-16,-17,-18,-18,-18,-18,-18,-17,-16,-15,-14,-13,-11,-10,-8,-7,-5,-3,-2,0,1,2,3,4,5,6,6,7,7,7,7,7,7,7,6,6,6,6,5,5,5,5,5,5,5,6,6,6,7,7,8,8,9,9,10,10,10,11,11,11,11,11,10,10,9,9,8,7,6,5,4,3,2,1,-1,-2,-3,-5,-6,-7,-8,-9,-10,-11,-12,-13,-13,-14,-14,-14,-14,-14,-13,-13,-12,-11,-10,-10,-9,-8,-6,-5,-4,-3,-2,-1,0,0,1,1,2,2,2,2,1,1,0,-1,-1,-2,-3,-4,-5,-6,-6,-7,-8,-8,-8,-8,-8,-7,-7,-6,-4,-3,-1,0,2,4,6,9,11,13,15,17,19,20,22,23,23,24,24,24
